Payment Mode,Total Transactions count,Total Amount,Quarter,Year,State
Recharge & bill payments,4200,1845307.4673655091,1,2018,andaman-&-nicobar-islands
Peer-to-peer payments,1871,12138655.299749982,1,2018,andaman-&-nicobar-islands
Merchant payments,298,452507.168646613,1,2018,andaman-&-nicobar-islands
Financial Services,33,10601.419933464953,1,2018,andaman-&-nicobar-islands
Others,256,184689.8662902223,1,2018,andaman-&-nicobar-islands
Recharge & bill payments,6735,2320944.731074479,2,2018,andaman-&-nicobar-islands
Peer-to-peer payments,3575,24511925.23104766,2,2018,andaman-&-nicobar-islands
Merchant payments,603,1024491.0133579008,2,2018,andaman-&-nicobar-islands
Financial Services,59,121336.0270987509,2,2018,andaman-&-nicobar-islands
Others,368,359838.50537474576,2,2018,andaman-&-nicobar-islands
Recharge & bill payments,8636,4343504.868377829,3,2018,andaman-&-nicobar-islands
Peer-to-peer payments,6448,49270781.541635044,3,2018,andaman-&-nicobar-islands
Merchant payments,945,1627359.8394868043,3,2018,andaman-&-nicobar-islands
Financial Services,42,1481.4907042806485,3,2018,andaman-&-nicobar-islands
Others,194,314343.39410715323,3,2018,andaman-&-nicobar-islands
Recharge & bill payments,11517,5450549.512294375,4,2018,andaman-&-nicobar-islands
Peer-to-peer payments,10451,81001456.97825177,4,2018,andaman-&-nicobar-islands
Merchant payments,1421,3552027.735492656,4,2018,andaman-&-nicobar-islands
Financial Services,29,76035.7877393286,4,2018,andaman-&-nicobar-islands
Others,340,468266.0606770435,4,2018,andaman-&-nicobar-islands
Recharge & bill payments,15263,6611459.8729725825,1,2019,andaman-&-nicobar-islands
Peer-to-peer payments,13119,91808345.86839552,1,2019,andaman-&-nicobar-islands
Merchant payments,1759,3266589.8469614363,1,2019,andaman-&-nicobar-islands
Financial Services,62,116250.43671861099,1,2019,andaman-&-nicobar-islands
Others,283,497094.6484417205,1,2019,andaman-&-nicobar-islands
Recharge & bill payments,14676,7242448.256212333,2,2019,andaman-&-nicobar-islands
Peer-to-peer payments,14481,107525358.66652839,2,2019,andaman-&-nicobar-islands
Merchant payments,4031,4702152.616619372,2,2019,andaman-&-nicobar-islands
Financial Services,124,113278.91371326067,2,2019,andaman-&-nicobar-islands
Others,377,671471.222589792,2,2019,andaman-&-nicobar-islands
Recharge & bill payments,16219,8171737.705916681,3,2019,andaman-&-nicobar-islands
Peer-to-peer payments,13767,101079821.10344611,3,2019,andaman-&-nicobar-islands
Merchant payments,3519,4428734.574846684,3,2019,andaman-&-nicobar-islands
Financial Services,50,158857.94315586874,3,2019,andaman-&-nicobar-islands
Others,215,232624.75992853564,3,2019,andaman-&-nicobar-islands
Peer-to-peer payments,18128,121493224.3075451,4,2019,andaman-&-nicobar-islands
Recharge & bill payments,13851,9538690.916424634,4,2019,andaman-&-nicobar-islands
Merchant payments,2920,5247500.487902376,4,2019,andaman-&-nicobar-islands
Financial Services,60,295937.2110898865,4,2019,andaman-&-nicobar-islands
Others,200,263177.5944158883,4,2019,andaman-&-nicobar-islands
Peer-to-peer payments,18324,142332401.7923477,1,2020,andaman-&-nicobar-islands
Recharge & bill payments,18268,10850414.023977451,1,2020,andaman-&-nicobar-islands
Merchant payments,4424,7752871.558217709,1,2020,andaman-&-nicobar-islands
Financial Services,66,208231.73071652642,1,2020,andaman-&-nicobar-islands
Others,216,332393.19201521645,1,2020,andaman-&-nicobar-islands
Recharge & bill payments,38125,17659622.73418829,2,2020,andaman-&-nicobar-islands
Peer-to-peer payments,20303,141728757.73517442,2,2020,andaman-&-nicobar-islands
Merchant payments,4004,9236375.740471343,2,2020,andaman-&-nicobar-islands
Financial Services,175,706932.1397115812,2,2020,andaman-&-nicobar-islands
Others,355,313313.0646014327,2,2020,andaman-&-nicobar-islands
Recharge & bill payments,59310,24756220.87546935,3,2020,andaman-&-nicobar-islands
Peer-to-peer payments,40697,289078946.7312394,3,2020,andaman-&-nicobar-islands
Merchant payments,16096,22682992.238478817,3,2020,andaman-&-nicobar-islands
Financial Services,572,961836.7129860274,3,2020,andaman-&-nicobar-islands
Others,808,539449.7721868362,3,2020,andaman-&-nicobar-islands
Peer-to-peer payments,81439,533316526.1814983,4,2020,andaman-&-nicobar-islands
Recharge & bill payments,80811,33710030.53438324,4,2020,andaman-&-nicobar-islands
Merchant payments,59391,56867468.94000395,4,2020,andaman-&-nicobar-islands
Financial Services,965,1880546.9672370641,4,2020,andaman-&-nicobar-islands
Others,1925,1508083.6917299272,4,2020,andaman-&-nicobar-islands
Peer-to-peer payments,105458,665391395.715478,1,2021,andaman-&-nicobar-islands
Recharge & bill payments,84119,37160922.86506996,1,2021,andaman-&-nicobar-islands
Merchant payments,53090,78606979.05751458,1,2021,andaman-&-nicobar-islands
Financial Services,884,1469351.0852598653,1,2021,andaman-&-nicobar-islands
Others,1201,1077918.666433228,1,2021,andaman-&-nicobar-islands
Peer-to-peer payments,132772,748382044.7707307,2,2021,andaman-&-nicobar-islands
Recharge & bill payments,120911,43691961.26275121,2,2021,andaman-&-nicobar-islands
Merchant payments,85143,103707408.5090846,2,2021,andaman-&-nicobar-islands
Financial Services,960,2038521.5136710338,2,2021,andaman-&-nicobar-islands
Others,1628,1327080.0560584562,2,2021,andaman-&-nicobar-islands
Peer-to-peer payments,192321,1077787837.156299,3,2021,andaman-&-nicobar-islands
Recharge & bill payments,136010,51243450.85925055,3,2021,andaman-&-nicobar-islands
Merchant payments,118340,176991328.21761322,3,2021,andaman-&-nicobar-islands
Financial Services,990,2351013.441729573,3,2021,andaman-&-nicobar-islands
Others,2103,1650766.1267105162,3,2021,andaman-&-nicobar-islands
Peer-to-peer payments,285778,1544932663.274458,4,2021,andaman-&-nicobar-islands
Merchant payments,210164,322842314.6243375,4,2021,andaman-&-nicobar-islands
Recharge & bill payments,135608,59243518.11464359,4,2021,andaman-&-nicobar-islands
Financial Services,1718,3137965.167474068,4,2021,andaman-&-nicobar-islands
Others,2855,2453640.142743944,4,2021,andaman-&-nicobar-islands
Peer-to-peer payments,342649,1682328505.725447,1,2022,andaman-&-nicobar-islands
Merchant payments,284298,370091558.683733,1,2022,andaman-&-nicobar-islands
Recharge & bill payments,163401,71300133.66101265,1,2022,andaman-&-nicobar-islands
Financial Services,1757,2869682.0229511866,1,2022,andaman-&-nicobar-islands
Others,2643,2440321.9820225406,1,2022,andaman-&-nicobar-islands
Merchant payments,449540,510838980.9061847,2,2022,andaman-&-nicobar-islands
Peer-to-peer payments,437606,2088309073.4552839,2,2022,andaman-&-nicobar-islands
Recharge & bill payments,179515,82232936.61795367,2,2022,andaman-&-nicobar-islands
Financial Services,1448,2089862.3927160464,2,2022,andaman-&-nicobar-islands
Others,3108,2449496.7081265687,2,2022,andaman-&-nicobar-islands
Merchant payments,716105,693438186.2965411,3,2022,andaman-&-nicobar-islands
Peer-to-peer payments,622217,2514535154.56483,3,2022,andaman-&-nicobar-islands
Recharge & bill payments,240766,97748065.62714244,3,2022,andaman-&-nicobar-islands
Financial Services,1814,2166304.9779766416,3,2022,andaman-&-nicobar-islands
Others,3477,2744060.670897343,3,2022,andaman-&-nicobar-islands
Merchant payments,956536,906365300.658504,4,2022,andaman-&-nicobar-islands
Peer-to-peer payments,768758,2961630584.8271313,4,2022,andaman-&-nicobar-islands
Recharge & bill payments,256050,110037119.6694117,4,2022,andaman-&-nicobar-islands
Financial Services,2499,3533987.2301130476,4,2022,andaman-&-nicobar-islands
Others,3692,3107412.043626394,4,2022,andaman-&-nicobar-islands
Recharge & bill payments,5027448,892293975.6698563,1,2018,andhra-pradesh
Peer-to-peer payments,3049646,10524250283.17878,1,2018,andhra-pradesh
Merchant payments,362672,247297640.2400068,1,2018,andhra-pradesh
Financial Services,204305,44808449.7639544,1,2018,andhra-pradesh
Others,395514,287626042.970705,1,2018,andhra-pradesh
Recharge & bill payments,6456387,1598591488.488035,2,2018,andhra-pradesh
Peer-to-peer payments,4745000,20451493098.895298,2,2018,andhra-pradesh
Merchant payments,604847,436785223.86032957,2,2018,andhra-pradesh
Financial Services,225621,68952114.81374599,2,2018,andhra-pradesh
Others,322063,328092346.575651,2,2018,andhra-pradesh
Peer-to-peer payments,16129591,32738630444.66872,3,2018,andhra-pradesh
Recharge & bill payments,7542005,1949098146.8941922,3,2018,andhra-pradesh
Merchant payments,1225416,685277254.5076212,3,2018,andhra-pradesh
Financial Services,380324,60790077.57437308,3,2018,andhra-pradesh
Others,348725,284248675.5700202,3,2018,andhra-pradesh
Peer-to-peer payments,17580086,47011639726.136086,4,2018,andhra-pradesh
Recharge & bill payments,9767083,2418164314.470957,4,2018,andhra-pradesh
Merchant payments,2622131,1671585888.5682561,4,2018,andhra-pradesh
Financial Services,400837,57178116.40322068,4,2018,andhra-pradesh
Others,389411,315211361.2624941,4,2018,andhra-pradesh
Peer-to-peer payments,37420988,77524329742.2595,1,2019,andhra-pradesh
Recharge & bill payments,14022264,3480641602.3771367,1,2019,andhra-pradesh
Merchant payments,5043682,2423536770.370634,1,2019,andhra-pradesh
Financial Services,416325,47150177.52982048,1,2019,andhra-pradesh
Others,361263,284937624.53930193,1,2019,andhra-pradesh
Peer-to-peer payments,32494402,103924649232.4702,2,2019,andhra-pradesh
Recharge & bill payments,14093964,4708345387.910109,2,2019,andhra-pradesh
Merchant payments,9226537,4613405202.681959,2,2019,andhra-pradesh
Financial Services,145310,26626696.77104253,2,2019,andhra-pradesh
Others,448802,361492238.3966455,2,2019,andhra-pradesh
Peer-to-peer payments,39023491,124338645329.5153,3,2019,andhra-pradesh
Recharge & bill payments,20147629,6893984676.5989065,3,2019,andhra-pradesh
Merchant payments,16581787,7887394038.066369,3,2019,andhra-pradesh
Financial Services,122270,29778183.02708044,3,2019,andhra-pradesh
Others,413437,298142027.5862577,3,2019,andhra-pradesh
Peer-to-peer payments,57181511,178893550050.6875,4,2019,andhra-pradesh
Merchant payments,25122370,13476303367.50486,4,2019,andhra-pradesh
Recharge & bill payments,24469888,8335168605.691999,4,2019,andhra-pradesh
Financial Services,105662,26796571.745749153,4,2019,andhra-pradesh
Others,338672,216496893.1610287,4,2019,andhra-pradesh
Peer-to-peer payments,65452143,223088554055.0475,1,2020,andhra-pradesh
Merchant payments,31408022,18603161784.49699,1,2020,andhra-pradesh
Recharge & bill payments,30449644,10813530777.97353,1,2020,andhra-pradesh
Financial Services,75238,43739133.169823855,1,2020,andhra-pradesh
Others,292310,188228538.3748976,1,2020,andhra-pradesh
Peer-to-peer payments,73609921,262731724130.7907,2,2020,andhra-pradesh
Recharge & bill payments,41013987,16991006436.573462,2,2020,andhra-pradesh
Merchant payments,29976765,22625596525.442688,2,2020,andhra-pradesh
Financial Services,140941,145274999.1567963,2,2020,andhra-pradesh
Others,176241,90087654.60009979,2,2020,andhra-pradesh
Peer-to-peer payments,106791894,406461788252.3205,3,2020,andhra-pradesh
Merchant payments,54055557,40739580213.86052,3,2020,andhra-pradesh
Recharge & bill payments,43500067,19475104674.82717,3,2020,andhra-pradesh
Financial Services,243088,256074924.7187529,3,2020,andhra-pradesh
Others,312329,151582519.1813668,3,2020,andhra-pradesh
Peer-to-peer payments,152003791,566639138543.7709,4,2020,andhra-pradesh
Merchant payments,86581460,66654048149.951675,4,2020,andhra-pradesh
Recharge & bill payments,46810304,20936337211.55774,4,2020,andhra-pradesh
Financial Services,265470,305168772.45601684,4,2020,andhra-pradesh
Others,457527,306853355.594738,4,2020,andhra-pradesh
Peer-to-peer payments,149313738,580542193013.0018,1,2021,andhra-pradesh
Merchant payments,97920281,70813192713.43477,1,2021,andhra-pradesh
Recharge & bill payments,41940689,20546424964.144817,1,2021,andhra-pradesh
Financial Services,225355,270313028.4845201,1,2021,andhra-pradesh
Others,347907,272546457.5502677,1,2021,andhra-pradesh
Peer-to-peer payments,189614879,737004484057.439,2,2021,andhra-pradesh
Merchant payments,112875274,88512429436.91249,2,2021,andhra-pradesh
Recharge & bill payments,49626902,24646800345.106968,2,2021,andhra-pradesh
Financial Services,243237,265483044.4012466,2,2021,andhra-pradesh
Others,406842,308302224.3856007,2,2021,andhra-pradesh
Peer-to-peer payments,221280317,837841124664.307,3,2021,andhra-pradesh
Merchant payments,158290953,118164377968.1675,3,2021,andhra-pradesh
Recharge & bill payments,51702350,27511344958.24361,3,2021,andhra-pradesh
Financial Services,211171,297239697.8307386,3,2021,andhra-pradesh
Others,547759,403948275.5675607,3,2021,andhra-pradesh
Peer-to-peer payments,262006450,971269765249.1283,4,2021,andhra-pradesh
Merchant payments,207538904,152883933596.5386,4,2021,andhra-pradesh
Recharge & bill payments,51762842,31232784713.98579,4,2021,andhra-pradesh
Financial Services,243951,332740108.6635881,4,2021,andhra-pradesh
Others,701856,545223415.6638832,4,2021,andhra-pradesh
Peer-to-peer payments,288488560,1089629182596.4779,1,2022,andhra-pradesh
Merchant payments,242031836,169419685917.19562,1,2022,andhra-pradesh
Recharge & bill payments,51224170,34473036841.83001,1,2022,andhra-pradesh
Financial Services,231651,324358965.1185906,1,2022,andhra-pradesh
Others,627694,474382234.25397474,1,2022,andhra-pradesh
Peer-to-peer payments,321362337,1231408926513.711,2,2022,andhra-pradesh
Merchant payments,292530048,205433660654.20892,2,2022,andhra-pradesh
Recharge & bill payments,56606969,42408541939.06145,2,2022,andhra-pradesh
Financial Services,192751,245783011.0445526,2,2022,andhra-pradesh
Others,441925,357036084.9071137,2,2022,andhra-pradesh
Peer-to-peer payments,298804000,1140164525892.739,3,2022,andhra-pradesh
Merchant payments,291033653,202910820650.0824,3,2022,andhra-pradesh
Recharge & bill payments,52467708,41438764826.203224,3,2022,andhra-pradesh
Financial Services,187190,239347241.5465504,3,2022,andhra-pradesh
Others,362484,323951101.5715289,3,2022,andhra-pradesh
Merchant payments,321632104,211898851397.0984,4,2022,andhra-pradesh
Peer-to-peer payments,315734006,1170249585983.011,4,2022,andhra-pradesh
Recharge & bill payments,52098850,41986837706.47902,4,2022,andhra-pradesh
Financial Services,206459,250596592.06465042,4,2022,andhra-pradesh
Others,345658,339211363.0027188,4,2022,andhra-pradesh
Recharge & bill payments,28729,5184132.514934338,1,2018,arunachal-pradesh
Peer-to-peer payments,13320,82889682.72418305,1,2018,arunachal-pradesh
Merchant payments,1042,2420374.1905855755,1,2018,arunachal-pradesh
Financial Services,416,58893.76201533088,1,2018,arunachal-pradesh
Others,1990,1834252.8176908877,1,2018,arunachal-pradesh
Recharge & bill payments,50700,10468878.53710718,2,2018,arunachal-pradesh
Peer-to-peer payments,26477,181576281.1946475,2,2018,arunachal-pradesh
Merchant payments,2378,4718953.439561011,2,2018,arunachal-pradesh
Financial Services,559,363761.80159549194,2,2018,arunachal-pradesh
Others,2043,1842317.3691352482,2,2018,arunachal-pradesh
Recharge & bill payments,74122,15997565.906016491,3,2018,arunachal-pradesh
Peer-to-peer payments,49740,308106303.4534257,3,2018,arunachal-pradesh
Merchant payments,4738,5505694.567913429,3,2018,arunachal-pradesh
Financial Services,507,72133.845254878,3,2018,arunachal-pradesh
Others,2039,2044708.9687807972,3,2018,arunachal-pradesh
Recharge & bill payments,97751,20662691.88231327,4,2018,arunachal-pradesh
Peer-to-peer payments,68169,468831493.23280364,4,2018,arunachal-pradesh
Merchant payments,7726,11998974.1040326,4,2018,arunachal-pradesh
Financial Services,561,100597.90379906222,4,2018,arunachal-pradesh
Others,2222,2446271.9688117937,4,2018,arunachal-pradesh
Recharge & bill payments,121303,26796894.99823331,1,2019,arunachal-pradesh
Peer-to-peer payments,93494,568554821.4456317,1,2019,arunachal-pradesh
Merchant payments,9214,11727218.401334241,1,2019,arunachal-pradesh
Financial Services,256,140622.87093631705,1,2019,arunachal-pradesh
Others,2239,2730548.5978140826,1,2019,arunachal-pradesh
Recharge & bill payments,131988,30420803.41271234,2,2019,arunachal-pradesh
Peer-to-peer payments,106527,704237943.4054435,2,2019,arunachal-pradesh
Merchant payments,16828,13955724.13071291,2,2019,arunachal-pradesh
Financial Services,267,160660.8821362781,2,2019,arunachal-pradesh
Others,3046,3880742.524023137,2,2019,arunachal-pradesh
Recharge & bill payments,216228,50946104.94289842,3,2019,arunachal-pradesh
Peer-to-peer payments,133484,841037395.2474606,3,2019,arunachal-pradesh
Merchant payments,16900,17178248.07427002,3,2019,arunachal-pradesh
Financial Services,864,64089.11350267195,3,2019,arunachal-pradesh
Others,2758,3419197.4177385764,3,2019,arunachal-pradesh
Recharge & bill payments,259183,63516906.09060433,4,2019,arunachal-pradesh
Peer-to-peer payments,177833,1100137447.934045,4,2019,arunachal-pradesh
Merchant payments,19769,23192271.69157681,4,2019,arunachal-pradesh
Financial Services,314,305379.7987782319,4,2019,arunachal-pradesh
Others,2376,3421174.01227797,4,2019,arunachal-pradesh
Recharge & bill payments,329834,86011654.77474582,1,2020,arunachal-pradesh
Peer-to-peer payments,203429,1263912288.406636,1,2020,arunachal-pradesh
Merchant payments,31181,28553052.13391879,1,2020,arunachal-pradesh
Financial Services,470,337812.94816169393,1,2020,arunachal-pradesh
Others,2261,2943873.0666838237,1,2020,arunachal-pradesh
Recharge & bill payments,522495,145198528.2296113,2,2020,arunachal-pradesh
Peer-to-peer payments,247861,1630654426.044183,2,2020,arunachal-pradesh
Merchant payments,35169,46446966.61244751,2,2020,arunachal-pradesh
Financial Services,1310,2655507.6964110374,2,2020,arunachal-pradesh
Others,1939,1761404.4023099935,2,2020,arunachal-pradesh
Recharge & bill payments,514907,153463816.2118439,3,2020,arunachal-pradesh
Peer-to-peer payments,370418,2361603431.37578,3,2020,arunachal-pradesh
Merchant payments,72736,88145178.69272713,3,2020,arunachal-pradesh
Financial Services,1761,4030599.9171272423,3,2020,arunachal-pradesh
Others,3005,2695539.3607389224,3,2020,arunachal-pradesh
Peer-to-peer payments,522019,3254744938.410562,4,2020,arunachal-pradesh
Recharge & bill payments,513895,152389181.2174306,4,2020,arunachal-pradesh
Merchant payments,167387,156682926.023846,4,2020,arunachal-pradesh
Financial Services,1749,2391651.8783250954,4,2020,arunachal-pradesh
Others,4079,4055324.315454754,4,2020,arunachal-pradesh
Peer-to-peer payments,566209,3460488558.9436502,1,2021,arunachal-pradesh
Recharge & bill payments,450649,142358376.9003836,1,2021,arunachal-pradesh
Merchant payments,155966,204958020.08914977,1,2021,arunachal-pradesh
Financial Services,1558,2672460.4740365944,1,2021,arunachal-pradesh
Others,3074,3301662.6094231335,1,2021,arunachal-pradesh
Peer-to-peer payments,762946,4000960152.0755486,2,2021,arunachal-pradesh
Recharge & bill payments,556680,165579844.2510589,2,2021,arunachal-pradesh
Merchant payments,243375,283709438.5363142,2,2021,arunachal-pradesh
Financial Services,1582,2761076.7934988844,2,2021,arunachal-pradesh
Others,3755,3415105.3379601175,2,2021,arunachal-pradesh
Peer-to-peer payments,986088,5033603845.032885,3,2021,arunachal-pradesh
Recharge & bill payments,600102,187390578.30403772,3,2021,arunachal-pradesh
Merchant payments,314658,449869060.7842621,3,2021,arunachal-pradesh
Financial Services,1934,3348547.8272713376,3,2021,arunachal-pradesh
Others,4185,3912143.3503634185,3,2021,arunachal-pradesh
Peer-to-peer payments,1227616,6022733378.120082,4,2021,arunachal-pradesh
Recharge & bill payments,633248,207784816.33218512,4,2021,arunachal-pradesh
Merchant payments,521447,704195694.9939187,4,2021,arunachal-pradesh
Financial Services,2386,3933557.2795471298,4,2021,arunachal-pradesh
Others,5901,4862905.885615055,4,2021,arunachal-pradesh
Peer-to-peer payments,1403584,6670641250.459451,1,2022,arunachal-pradesh
Merchant payments,720803,917155358.7177179,1,2022,arunachal-pradesh
Recharge & bill payments,670576,231933129.00412327,1,2022,arunachal-pradesh
Financial Services,3053,3359625.792926075,1,2022,arunachal-pradesh
Others,6052,5002264.113148138,1,2022,arunachal-pradesh
Peer-to-peer payments,1751568,7627061474.687716,2,2022,arunachal-pradesh
Merchant payments,1108353,1255513517.363942,2,2022,arunachal-pradesh
Recharge & bill payments,688770,241162643.1948015,2,2022,arunachal-pradesh
Financial Services,2466,4063469.0998270046,2,2022,arunachal-pradesh
Others,5768,3864269.879579009,2,2022,arunachal-pradesh
Peer-to-peer payments,1967086,7365427284.274203,3,2022,arunachal-pradesh
Merchant payments,1316326,1413247143.488991,3,2022,arunachal-pradesh
Recharge & bill payments,649322,238448083.8077975,3,2022,arunachal-pradesh
Financial Services,1997,4763324.776043448,3,2022,arunachal-pradesh
Others,4687,3224948.7015704075,3,2022,arunachal-pradesh
Peer-to-peer payments,2251135,7768088687.67791,4,2022,arunachal-pradesh
Merchant payments,1704968,1669602212.917463,4,2022,arunachal-pradesh
Recharge & bill payments,669151,239412553.6121468,4,2022,arunachal-pradesh
Financial Services,2617,3785469.3993366556,4,2022,arunachal-pradesh
Others,4838,4020773.8953960314,4,2022,arunachal-pradesh
Recharge & bill payments,632092,93491181.14056379,1,2018,assam
Peer-to-peer payments,318025,993525195.9818655,1,2018,assam
Merchant payments,40482,34501622.892667554,1,2018,assam
Financial Services,18172,4936862.200688562,1,2018,assam
Others,48110,31349593.99668264,1,2018,assam
Recharge & bill payments,984160,174427478.213408,2,2018,assam
Peer-to-peer payments,530781,2064314053.1339972,2,2018,assam
Merchant payments,79307,73366344.80739225,2,2018,assam
Financial Services,22773,7051504.657611102,2,2018,assam
Others,46852,31425754.72538605,2,2018,assam
Recharge & bill payments,1275136,254569069.32411742,3,2018,assam
Peer-to-peer payments,843571,3424136709.50882,3,2018,assam
Merchant payments,159532,96783839.37466942,3,2018,assam
Financial Services,22677,4741123.821880115,3,2018,assam
Others,50935,30904247.88478589,3,2018,assam
Recharge & bill payments,1703488,317661277.3470997,4,2018,assam
Peer-to-peer payments,1279089,5284776455.070784,4,2018,assam
Merchant payments,667293,240563395.2777939,4,2018,assam
Financial Services,28035,6331912.52655252,4,2018,assam
Others,56267,38689818.79087821,4,2018,assam
Recharge & bill payments,1993220,400281677.9438284,1,2019,assam
Peer-to-peer payments,1976310,7291433300.700248,1,2019,assam
Merchant payments,494871,266644645.7492942,1,2019,assam
Financial Services,20162,4612454.1127945455,1,2019,assam
Others,48442,39127457.94468763,1,2019,assam
Recharge & bill payments,2512932,539315772.8606573,2,2019,assam
Peer-to-peer payments,2293770,10035232820.852959,2,2019,assam
Merchant payments,573646,326844709.5879724,2,2019,assam
Financial Services,13654,4037222.414240564,2,2019,assam
Others,60927,49538663.41037582,2,2019,assam
Peer-to-peer payments,2713539,11835800855.17655,3,2019,assam
Recharge & bill payments,2645302,639885372.7480905,3,2019,assam
Merchant payments,513728,421380275.4207429,3,2019,assam
Financial Services,8606,6403456.344768786,3,2019,assam
Others,61396,46973660.73634353,3,2019,assam
Peer-to-peer payments,3222143,14083346879.36185,4,2019,assam
Recharge & bill payments,2937800,704118873.9720939,4,2019,assam
Merchant payments,544053,456318130.082201,4,2019,assam
Financial Services,9621,3492255.0860687294,4,2019,assam
Others,46893,34707757.00985589,4,2019,assam
Peer-to-peer payments,4058740,18977446151.76882,1,2020,assam
Recharge & bill payments,3897975,971722606.1579468,1,2020,assam
Merchant payments,792646,675423852.9512749,1,2020,assam
Financial Services,10173,7054325.507515656,1,2020,assam
Others,49326,36781411.34368035,1,2020,assam
Recharge & bill payments,6045321,1612522828.716347,2,2020,assam
Peer-to-peer payments,3648386,17358374071.26616,2,2020,assam
Merchant payments,742400,749018053.2400584,2,2020,assam
Financial Services,19814,18130004.68767226,2,2020,assam
Others,49278,28255168.009208795,2,2020,assam
Peer-to-peer payments,5637893,26646565777.439194,3,2020,assam
Recharge & bill payments,5292154,1627282415.945187,3,2020,assam
Merchant payments,1383230,1492484153.387315,3,2020,assam
Financial Services,24954,28452966.02637225,3,2020,assam
Others,59480,36605946.74600269,3,2020,assam
Peer-to-peer payments,7538478,36013292450.81438,4,2020,assam
Recharge & bill payments,5383505,1662189124.417745,4,2020,assam
Merchant payments,2392184,2466913305.59039,4,2020,assam
Financial Services,29764,32314809.97526103,4,2020,assam
Others,79523,51901628.46643049,4,2020,assam
Peer-to-peer payments,9449096,45476079487.104645,1,2021,assam
Recharge & bill payments,6494111,2103017761.5465329,1,2021,assam
Merchant payments,3459132,3657261586.200161,1,2021,assam
Financial Services,34049,41291047.383212395,1,2021,assam
Others,75672,48814663.88782827,1,2021,assam
Peer-to-peer payments,11668399,51521387890.612526,2,2021,assam
Recharge & bill payments,9058005,2657676415.2458973,2,2021,assam
Merchant payments,4562669,4914753140.040101,2,2021,assam
Financial Services,49671,46106001.4981417,2,2021,assam
Others,94161,52549929.26715793,2,2021,assam
Peer-to-peer payments,15617592,64131823895.23546,3,2021,assam
Recharge & bill payments,10284267,3248364164.198426,3,2021,assam
Merchant payments,7431371,8208706348.034584,3,2021,assam
Financial Services,39479,43889820.49598975,3,2021,assam
Others,131732,67715045.34317216,3,2021,assam
Peer-to-peer payments,21393962,86801625126.53499,4,2021,assam
Merchant payments,12895755,13378765005.90518,4,2021,assam
Recharge & bill payments,11484376,3842004488.3733187,4,2021,assam
Financial Services,60724,65456475.82619133,4,2021,assam
Others,185544,97116796.57575196,4,2021,assam
Peer-to-peer payments,27156085,108855352347.44861,1,2022,assam
Merchant payments,19011883,18833132506.02235,1,2022,assam
Recharge & bill payments,12474674,4424035840.366192,1,2022,assam
Financial Services,68432,73257991.39188361,1,2022,assam
Others,178812,94659207.47378007,1,2022,assam
Peer-to-peer payments,33879530,123829913105.31839,2,2022,assam
Merchant payments,28377534,24333260089.82686,2,2022,assam
Recharge & bill payments,13858113,4814695679.877083,2,2022,assam
Financial Services,50785,55549153.74320389,2,2022,assam
Others,168763,77624058.0178437,2,2022,assam
Peer-to-peer payments,37000266,127264703851.96631,3,2022,assam
Merchant payments,34935460,28789992307.1612,3,2022,assam
Recharge & bill payments,13974568,5295136932.037907,3,2022,assam
Financial Services,65066,62882386.459812224,3,2022,assam
Others,138451,76363577.2732331,3,2022,assam
Peer-to-peer payments,44828832,150693397669.1831,4,2022,assam
Merchant payments,43605784,36033810141.57484,4,2022,assam
Recharge & bill payments,15344794,5773980885.270762,4,2022,assam
Financial Services,74414,75960367.91633397,4,2022,assam
Others,127443,76370123.60102956,4,2022,assam
Recharge & bill payments,3159922,375559206.7727593,1,2018,bihar
Peer-to-peer payments,2052089,5295346761.4508295,1,2018,bihar
Financial Services,194295,33999413.87739952,1,2018,bihar
Merchant payments,138885,139827755.73655012,1,2018,bihar
Others,279111,201025034.1796018,1,2018,bihar
Recharge & bill payments,4346849,700649777.0602969,2,2018,bihar
Peer-to-peer payments,3447898,12141448845.07762,2,2018,bihar
Merchant payments,311487,318571872.8216527,2,2018,bihar
Financial Services,267433,45332532.09643286,2,2018,bihar
Others,258711,300128082.61604583,2,2018,bihar
Peer-to-peer payments,8893764,18695889187.89432,3,2018,bihar
Recharge & bill payments,4401439,804061398.5166464,3,2018,bihar
Merchant payments,586862,367608510.7261781,3,2018,bihar
Financial Services,274510,33276460.45213346,3,2018,bihar
Others,211229,234968821.3120635,3,2018,bihar
Peer-to-peer payments,8094296,26224303882.80399,4,2018,bihar
Recharge & bill payments,5469096,986310785.0093702,4,2018,bihar
Merchant payments,1680664,848968693.0665623,4,2018,bihar
Financial Services,237247,36199427.51318769,4,2018,bihar
Others,251098,302214380.1845841,4,2018,bihar
Peer-to-peer payments,16807040,38824078062.32093,1,2019,bihar
Recharge & bill payments,7036367,1333688182.5386739,1,2019,bihar
Merchant payments,2055267,1024996999.52793,1,2019,bihar
Financial Services,204689,28599535.73440934,1,2019,bihar
Others,252871,291464734.4043106,1,2019,bihar
Peer-to-peer payments,15837449,58381285240.80835,2,2019,bihar
Recharge & bill payments,9279442,1996804238.274975,2,2019,bihar
Merchant payments,4365465,2308145849.844257,2,2019,bihar
Financial Services,129603,63338108.53755434,2,2019,bihar
Others,348520,382864846.0767575,2,2019,bihar
Peer-to-peer payments,15446119,61831776093.09613,3,2019,bihar
Recharge & bill payments,9115040,2140566974.7056367,3,2019,bihar
Merchant payments,7206001,3413490288.313707,3,2019,bihar
Financial Services,89997,20145460.42764103,3,2019,bihar
Others,282743,286804437.7358033,3,2019,bihar
Peer-to-peer payments,26337842,86340631422.24606,4,2019,bihar
Recharge & bill payments,11358597,2649616529.830146,4,2019,bihar
Merchant payments,5519582,4177574379.0405846,4,2019,bihar
Financial Services,100192,18815964.76179212,4,2019,bihar
Others,214101,126788281.9306988,4,2019,bihar
Peer-to-peer payments,23163922,99873688132.90309,1,2020,bihar
Recharge & bill payments,13837430,3680590624.90061,1,2020,bihar
Merchant payments,7822567,5562692116.5708065,1,2020,bihar
Financial Services,57233,23954789.407903697,1,2020,bihar
Others,200663,115927863.4636658,1,2020,bihar
Peer-to-peer payments,26572651,116244368941.33601,2,2020,bihar
Recharge & bill payments,19522564,5642294772.453551,2,2020,bihar
Merchant payments,7011681,6760404421.62296,2,2020,bihar
Financial Services,73119,54077813.26068059,2,2020,bihar
Others,206727,105377680.1707557,2,2020,bihar
Peer-to-peer payments,37294332,153664683751.5327,3,2020,bihar
Recharge & bill payments,19027978,6313780616.601829,3,2020,bihar
Merchant payments,14777337,13111735855.02769,3,2020,bihar
Financial Services,104135,81355476.16367023,3,2020,bihar
Others,299966,157309412.49242482,3,2020,bihar
Peer-to-peer payments,49432098,208484557891.4286,4,2020,bihar
Merchant payments,26750991,23185594534.30522,4,2020,bihar
Recharge & bill payments,19908687,6926960996.688756,4,2020,bihar
Financial Services,119416,100785736.00790758,4,2020,bihar
Others,380481,207713978.0422387,4,2020,bihar
Peer-to-peer payments,58566582,242013312361.31097,1,2021,bihar
Merchant payments,33959313,30171144593.36987,1,2021,bihar
Recharge & bill payments,21974086,8505455545.448765,1,2021,bihar
Financial Services,124277,112949858.2502867,1,2021,bihar
Others,308219,170787342.84811792,1,2021,bihar
Peer-to-peer payments,78694099,319758683264.15344,2,2021,bihar
Merchant payments,44686786,43458914639.771385,2,2021,bihar
Recharge & bill payments,31646149,11030849713.50242,2,2021,bihar
Financial Services,149791,116086345.9130171,2,2021,bihar
Others,426797,215721223.23864052,2,2021,bihar
Peer-to-peer payments,92785704,331514102784.2631,3,2021,bihar
Merchant payments,64094961,53849745604.9643,3,2021,bihar
Recharge & bill payments,30081746,11327303470.019909,3,2021,bihar
Financial Services,135748,130349071.6190198,3,2021,bihar
Others,572954,241260025.5456988,3,2021,bihar
Peer-to-peer payments,117340712,423665098014.2792,4,2021,bihar
Merchant payments,95992559,81729122295.53772,4,2021,bihar
Recharge & bill payments,30824177,13438634948.21264,4,2021,bihar
Financial Services,186298,173358268.8208331,4,2021,bihar
Others,783199,365400541.9114517,4,2021,bihar
Peer-to-peer payments,138085265,500024806542.69324,1,2022,bihar
Merchant payments,114892163,95507710275.50963,1,2022,bihar
Recharge & bill payments,30545266,15431605247.390362,1,2022,bihar
Financial Services,169722,148088975.2289656,1,2022,bihar
Others,698018,299484690.3236611,1,2022,bihar
Peer-to-peer payments,164119431,610448610667.7207,2,2022,bihar
Merchant payments,158289353,126423430586.4294,2,2022,bihar
Recharge & bill payments,36950622,17225668601.94898,2,2022,bihar
Financial Services,124199,116203820.9113148,2,2022,bihar
Others,661424,247541289.12967214,2,2022,bihar
Merchant payments,198273336,137873615624.7293,3,2022,bihar
Peer-to-peer payments,192304951,632747186972.1919,3,2022,bihar
Recharge & bill payments,46044353,20417791249.028313,3,2022,bihar
Financial Services,179533,161987346.1868727,3,2022,bihar
Others,565212,245905365.7791165,3,2022,bihar
Merchant payments,243777692,172924170171.63202,4,2022,bihar
Peer-to-peer payments,225487662,739870172148.0806,4,2022,bihar
Recharge & bill payments,47054083,22729599211.247627,4,2022,bihar
Financial Services,205989,199208429.5113938,4,2022,bihar
Others,559223,288999714.3604311,4,2022,bihar
Recharge & bill payments,201262,47479581.16264416,1,2018,chandigarh
Peer-to-peer payments,135136,527998849.3405593,1,2018,chandigarh
Merchant payments,21431,19477066.53327671,1,2018,chandigarh
Financial Services,8473,1865618.249949839,1,2018,chandigarh
Others,15593,16614305.581193212,1,2018,chandigarh
Recharge & bill payments,224548,76722906.67871952,2,2018,chandigarh
Peer-to-peer payments,194627,835296156.4220203,2,2018,chandigarh
Merchant payments,34606,29408471.50633327,2,2018,chandigarh
Financial Services,11927,3679451.8635118967,2,2018,chandigarh
Others,13376,16116275.27414421,2,2018,chandigarh
Peer-to-peer payments,295358,1217617705.9681761,3,2018,chandigarh
Recharge & bill payments,236445,100639674.6708905,3,2018,chandigarh
Merchant payments,64998,37560565.97386869,3,2018,chandigarh
Financial Services,7642,1302311.5967954171,3,2018,chandigarh
Others,12493,12234189.32458079,3,2018,chandigarh
Peer-to-peer payments,431461,1793871702.31964,4,2018,chandigarh
Recharge & bill payments,310527,128130475.99274202,4,2018,chandigarh
Merchant payments,135266,94010713.60616028,4,2018,chandigarh
Financial Services,10008,2039811.3372037038,4,2018,chandigarh
Others,17854,14538888.5242277,4,2018,chandigarh
Peer-to-peer payments,689400,2123866601.651375,1,2019,chandigarh
Recharge & bill payments,390610,161414934.1023837,1,2019,chandigarh
Merchant payments,169984,97230471.44089967,1,2019,chandigarh
Financial Services,7412,917030.9066760786,1,2019,chandigarh
Others,17070,12603012.34269331,1,2019,chandigarh
Peer-to-peer payments,604849,2339922407.523348,2,2019,chandigarh
Recharge & bill payments,342294,185659011.54417652,2,2019,chandigarh
Merchant payments,277811,152766864.6619033,2,2019,chandigarh
Financial Services,5590,839765.161351582,2,2019,chandigarh
Others,21926,13928050.05367653,2,2019,chandigarh
Peer-to-peer payments,722233,2815184152.804132,3,2019,chandigarh
Merchant payments,447069,226535908.8355719,3,2019,chandigarh
Recharge & bill payments,308219,213884900.47217813,3,2019,chandigarh
Financial Services,2447,794918.674981478,3,2019,chandigarh
Others,26575,13282206.87397679,3,2019,chandigarh
Peer-to-peer payments,927850,3586763928.6423693,4,2019,chandigarh
Merchant payments,561630,318692521.7922494,4,2019,chandigarh
Recharge & bill payments,338203,237695594.96329552,4,2019,chandigarh
Financial Services,1911,654298.6785004465,4,2019,chandigarh
Others,21321,8707473.86293627,4,2019,chandigarh
Peer-to-peer payments,1087401,4421372542.468033,1,2020,chandigarh
Merchant payments,764832,438193845.45277053,1,2020,chandigarh
Recharge & bill payments,389851,257250007.24455768,1,2020,chandigarh
Financial Services,1574,1406138.1883251297,1,2020,chandigarh
Others,18853,8230536.662513691,1,2020,chandigarh
Peer-to-peer payments,766698,3293060119.5471582,2,2020,chandigarh
Merchant payments,390906,331423259.0003719,2,2020,chandigarh
Recharge & bill payments,361577,214425229.3354035,2,2020,chandigarh
Financial Services,1797,3982005.1176844486,2,2020,chandigarh
Others,7032,4125116.689457224,2,2020,chandigarh
Peer-to-peer payments,981986,4178346395.4124923,3,2020,chandigarh
Merchant payments,796634,604271248.9262259,3,2020,chandigarh
Recharge & bill payments,366353,296964794.9657042,3,2020,chandigarh
Financial Services,2643,5254415.457263877,3,2020,chandigarh
Others,10470,4972498.603385328,3,2020,chandigarh
Merchant payments,1322026,939307675.8510207,4,2020,chandigarh
Peer-to-peer payments,1159377,4872318731.339843,4,2020,chandigarh
Recharge & bill payments,409997,320731281.94750684,4,2020,chandigarh
Financial Services,3346,4400109.748752326,4,2020,chandigarh
Others,17970,10005102.462219939,4,2020,chandigarh
Merchant payments,1799072,1210594490.098149,1,2021,chandigarh
Peer-to-peer payments,1472084,5916467167.303293,1,2021,chandigarh
Recharge & bill payments,678396,451109555.3388933,1,2021,chandigarh
Financial Services,5111,7700394.761505902,1,2021,chandigarh
Others,15574,10549252.04415386,1,2021,chandigarh
Merchant payments,1926913,1390989390.778968,2,2021,chandigarh
Peer-to-peer payments,1663559,6541132352.922334,2,2021,chandigarh
Recharge & bill payments,806710,467698864.66720563,2,2021,chandigarh
Financial Services,5502,7394941.032842191,2,2021,chandigarh
Others,14863,10458390.534755519,2,2021,chandigarh
Merchant payments,3179506,2245390329.204789,3,2021,chandigarh
Peer-to-peer payments,2434417,8927868098.340746,3,2021,chandigarh
Recharge & bill payments,1008585,620437997.3899603,3,2021,chandigarh
Financial Services,5700,7960844.903971832,3,2021,chandigarh
Others,21170,14225734.853836149,3,2021,chandigarh
Merchant payments,4056249,3041038519.823397,4,2021,chandigarh
Peer-to-peer payments,2797561,10610461952.107151,4,2021,chandigarh
Recharge & bill payments,1013153,693790747.2429855,4,2021,chandigarh
Financial Services,7038,10459431.863661801,4,2021,chandigarh
Others,24902,17832859.58125159,4,2021,chandigarh
Merchant payments,4511757,3264574793.4564347,1,2022,chandigarh
Peer-to-peer payments,3012464,11150701028.60572,1,2022,chandigarh
Recharge & bill payments,1046187,731347957.2152067,1,2022,chandigarh
Financial Services,7228,13538635.5629482,1,2022,chandigarh
Others,22855,14829134.99968666,1,2022,chandigarh
Merchant payments,6136803,3919372475.560565,2,2022,chandigarh
Peer-to-peer payments,3489382,12549248085.111439,2,2022,chandigarh
Recharge & bill payments,1119367,792957088.5933374,2,2022,chandigarh
Financial Services,6673,8943857.181076445,2,2022,chandigarh
Others,20264,12978651.92456994,2,2022,chandigarh
Merchant payments,7665907,4713972532.82215,3,2022,chandigarh
Peer-to-peer payments,4423590,14788179156.48195,3,2022,chandigarh
Recharge & bill payments,1360342,1033530639.936082,3,2022,chandigarh
Financial Services,8868,9918740.020967592,3,2022,chandigarh
Others,19466,14156668.14469164,3,2022,chandigarh
Merchant payments,10170372,6570336079.954211,4,2022,chandigarh
Peer-to-peer payments,5951989,20013621495.89691,4,2022,chandigarh
Recharge & bill payments,1749647,1267654269.159074,4,2022,chandigarh
Financial Services,10778,12000766.356404979,4,2022,chandigarh
Others,22054,16141955.57281622,4,2022,chandigarh
Recharge & bill payments,1177618,206518662.810148,1,2018,chhattisgarh
Peer-to-peer payments,550697,1838238336.1663632,1,2018,chhattisgarh
Merchant payments,42411,39708474.15869055,1,2018,chhattisgarh
Financial Services,33002,7350624.274461515,1,2018,chhattisgarh
Others,87786,57339459.82710209,1,2018,chhattisgarh
Recharge & bill payments,1643461,351709628.0901169,2,2018,chhattisgarh
Peer-to-peer payments,933066,3703114547.658351,2,2018,chhattisgarh
Merchant payments,118438,129967815.18510851,2,2018,chhattisgarh
Financial Services,40299,9405941.62707696,2,2018,chhattisgarh
Others,80892,69972510.60099621,2,2018,chhattisgarh
Recharge & bill payments,1911374,443460556.7759034,3,2018,chhattisgarh
Peer-to-peer payments,1619886,5647949187.747949,3,2018,chhattisgarh
Merchant payments,220572,145342066.0137747,3,2018,chhattisgarh
Financial Services,31927,6195179.156999446,3,2018,chhattisgarh
Others,75845,59360083.751690045,3,2018,chhattisgarh
Recharge & bill payments,2438959,554514488.4121984,4,2018,chhattisgarh
Peer-to-peer payments,2342713,8450105299.480802,4,2018,chhattisgarh
Merchant payments,458091,331842964.57864183,4,2018,chhattisgarh
Financial Services,42199,9709810.436343707,4,2018,chhattisgarh
Others,83882,70240102.06349953,4,2018,chhattisgarh
Peer-to-peer payments,4068056,11417366152.38848,1,2019,chhattisgarh
Recharge & bill payments,2997095,679458794.5442779,1,2019,chhattisgarh
Merchant payments,710047,374735986.85082686,1,2019,chhattisgarh
Financial Services,33835,5075418.743007188,1,2019,chhattisgarh
Others,78636,67920032.80184662,1,2019,chhattisgarh
Peer-to-peer payments,4350167,15410038389.818302,2,2019,chhattisgarh
Recharge & bill payments,3435305,855753107.5104681,2,2019,chhattisgarh
Merchant payments,1483870,654411637.0168116,2,2019,chhattisgarh
Financial Services,22563,4237631.55442897,2,2019,chhattisgarh
Others,98040,77914922.92227882,2,2019,chhattisgarh
Peer-to-peer payments,5021844,17584630267.779922,3,2019,chhattisgarh
Recharge & bill payments,4335851,1069468753.7262831,3,2019,chhattisgarh
Merchant payments,2772084,1074255588.7227569,3,2019,chhattisgarh
Financial Services,16452,4542997.939180325,3,2019,chhattisgarh
Others,96880,70361559.28538439,3,2019,chhattisgarh
Peer-to-peer payments,7241974,24112075521.01784,4,2019,chhattisgarh
Recharge & bill payments,5112337,1257371454.8604,4,2019,chhattisgarh
Merchant payments,3852716,1720930747.628561,4,2019,chhattisgarh
Financial Services,14974,4665759.804240476,4,2019,chhattisgarh
Others,83757,48745253.90234077,4,2019,chhattisgarh
Peer-to-peer payments,8109789,28723854868.84692,1,2020,chhattisgarh
Recharge & bill payments,6400067,1688995018.220901,1,2020,chhattisgarh
Merchant payments,4923214,2393811867.388743,1,2020,chhattisgarh
Financial Services,12424,7378557.223060286,1,2020,chhattisgarh
Others,78497,46557359.6766012,1,2020,chhattisgarh
Recharge & bill payments,8366200,2504355746.828547,2,2020,chhattisgarh
Peer-to-peer payments,7216219,27351810047.60871,2,2020,chhattisgarh
Merchant payments,3158417,2361252112.419633,2,2020,chhattisgarh
Financial Services,19986,17814454.60563486,2,2020,chhattisgarh
Others,60103,33149845.43882451,2,2020,chhattisgarh
Peer-to-peer payments,9734445,34661165923.13037,3,2020,chhattisgarh
Recharge & bill payments,8705513,2790720003.137343,3,2020,chhattisgarh
Merchant payments,5591916,3990179454.188004,3,2020,chhattisgarh
Financial Services,34893,39141096.45070238,3,2020,chhattisgarh
Others,81772,45538330.62766186,3,2020,chhattisgarh
Peer-to-peer payments,14257312,50812302052.952705,4,2020,chhattisgarh
Merchant payments,11677743,8238390462.202984,4,2020,chhattisgarh
Recharge & bill payments,9423324,3033918783.2089987,4,2020,chhattisgarh
Financial Services,41308,48082346.06124696,4,2020,chhattisgarh
Others,129949,82280639.52262866,4,2020,chhattisgarh
Peer-to-peer payments,15621154,55638916992.138954,1,2021,chhattisgarh
Merchant payments,15222763,10661449529.109661,1,2021,chhattisgarh
Recharge & bill payments,8456094,3000977538.8405633,1,2021,chhattisgarh
Financial Services,37395,40387648.84021996,1,2021,chhattisgarh
Others,99031,68111552.62215017,1,2021,chhattisgarh
Peer-to-peer payments,18387345,62134058797.4359,2,2021,chhattisgarh
Merchant payments,15369311,12828590761.71342,2,2021,chhattisgarh
Recharge & bill payments,10764784,3640692364.165052,2,2021,chhattisgarh
Financial Services,40213,39620256.36433959,2,2021,chhattisgarh
Others,127767,85809079.54731184,2,2021,chhattisgarh
Merchant payments,27552743,19905616746.80529,3,2021,chhattisgarh
Peer-to-peer payments,25447410,80506858751.32883,3,2021,chhattisgarh
Recharge & bill payments,11039088,4045490947.2382193,3,2021,chhattisgarh
Financial Services,38817,48855662.40142638,3,2021,chhattisgarh
Others,159880,99286155.00295876,3,2021,chhattisgarh
Merchant payments,40526025,29283695601.22954,4,2021,chhattisgarh
Peer-to-peer payments,32799167,102177997315.6828,4,2021,chhattisgarh
Recharge & bill payments,11115444,4724827139.9519415,4,2021,chhattisgarh
Financial Services,55237,66445873.29612084,4,2021,chhattisgarh
Others,221621,146144588.6523692,4,2021,chhattisgarh
Merchant payments,48236094,33822547183.04485,1,2022,chhattisgarh
Peer-to-peer payments,37457039,118393860520.5721,1,2022,chhattisgarh
Recharge & bill payments,11466264,5442872986.10511,1,2022,chhattisgarh
Financial Services,52918,55991695.312008664,1,2022,chhattisgarh
Others,200977,131773069.80038041,1,2022,chhattisgarh
Merchant payments,61093916,41536371583.74904,2,2022,chhattisgarh
Peer-to-peer payments,42532112,133534947239.2497,2,2022,chhattisgarh
Recharge & bill payments,12737942,5949415519.837789,2,2022,chhattisgarh
Financial Services,41530,46037703.16128763,2,2022,chhattisgarh
Others,178548,114905117.7834119,2,2022,chhattisgarh
Merchant payments,84355775,50874051122.373604,3,2022,chhattisgarh
Peer-to-peer payments,57116149,161027214428.2059,3,2022,chhattisgarh
Recharge & bill payments,16538894,8069941553.075293,3,2022,chhattisgarh
Financial Services,55775,61881709.73674864,3,2022,chhattisgarh
Others,185994,128469268.5974063,3,2022,chhattisgarh
Merchant payments,97405954,60247141797.94961,4,2022,chhattisgarh
Peer-to-peer payments,63986789,183672880692.7266,4,2022,chhattisgarh
Recharge & bill payments,16324117,8376603987.152398,4,2022,chhattisgarh
Financial Services,63695,81169069.23462963,4,2022,chhattisgarh
Others,179891,141385263.4082809,4,2022,chhattisgarh
Recharge & bill payments,95544,17526369.5804541,1,2018,dadra-&-nagar-haveli-&-daman-&-diu
Peer-to-peer payments,44599,151966933.2460739,1,2018,dadra-&-nagar-haveli-&-daman-&-diu
Merchant payments,1531,1580762.779739072,1,2018,dadra-&-nagar-haveli-&-daman-&-diu
Financial Services,1364,353171.5523814913,1,2018,dadra-&-nagar-haveli-&-daman-&-diu
Others,5511,4231146.95056825,1,2018,dadra-&-nagar-haveli-&-daman-&-diu
Recharge & bill payments,122834,30595592.00768239,2,2018,dadra-&-nagar-haveli-&-daman-&-diu
Peer-to-peer payments,69215,261995613.0548204,2,2018,dadra-&-nagar-haveli-&-daman-&-diu
Merchant payments,3544,4685536.036433555,2,2018,dadra-&-nagar-haveli-&-daman-&-diu
Financial Services,2996,383806.08546730166,2,2018,dadra-&-nagar-haveli-&-daman-&-diu
Others,4037,4410224.471747881,2,2018,dadra-&-nagar-haveli-&-daman-&-diu
Recharge & bill payments,157113,39790820.29359456,3,2018,dadra-&-nagar-haveli-&-daman-&-diu
Peer-to-peer payments,119346,396698085.41045517,3,2018,dadra-&-nagar-haveli-&-daman-&-diu
Merchant payments,7465,5693604.7441260815,3,2018,dadra-&-nagar-haveli-&-daman-&-diu
Financial Services,1477,297647.89589848556,3,2018,dadra-&-nagar-haveli-&-daman-&-diu
Others,4174,5159437.334100959,3,2018,dadra-&-nagar-haveli-&-daman-&-diu
Peer-to-peer payments,194214,582082154.4115133,4,2018,dadra-&-nagar-haveli-&-daman-&-diu
Recharge & bill payments,185793,49972030.112854846,4,2018,dadra-&-nagar-haveli-&-daman-&-diu
Merchant payments,15739,19577328.03937304,4,2018,dadra-&-nagar-haveli-&-daman-&-diu
Financial Services,2996,371674.6991335743,4,2018,dadra-&-nagar-haveli-&-daman-&-diu
Others,5340,6747429.538011953,4,2018,dadra-&-nagar-haveli-&-daman-&-diu
Peer-to-peer payments,408465,757657638.3173952,1,2019,dadra-&-nagar-haveli-&-daman-&-diu
Recharge & bill payments,225998,62660761.88806932,1,2019,dadra-&-nagar-haveli-&-daman-&-diu
Merchant payments,20694,17043867.88608146,1,2019,dadra-&-nagar-haveli-&-daman-&-diu
Financial Services,1645,221064.6189234741,1,2019,dadra-&-nagar-haveli-&-daman-&-diu
Others,5012,5786443.339431095,1,2019,dadra-&-nagar-haveli-&-daman-&-diu
Peer-to-peer payments,244134,734034142.8087387,2,2019,dadra-&-nagar-haveli-&-daman-&-diu
Recharge & bill payments,198184,63874445.5524188,2,2019,dadra-&-nagar-haveli-&-daman-&-diu
Merchant payments,40781,20816136.241969172,2,2019,dadra-&-nagar-haveli-&-daman-&-diu
Financial Services,748,155149.75618074698,2,2019,dadra-&-nagar-haveli-&-daman-&-diu
Others,5809,5561402.205763446,2,2019,dadra-&-nagar-haveli-&-daman-&-diu
Recharge & bill payments,319142,104597035.07984869,3,2019,dadra-&-nagar-haveli-&-daman-&-diu
Peer-to-peer payments,249944,821178569.0593252,3,2019,dadra-&-nagar-haveli-&-daman-&-diu
Merchant payments,63616,30634658.23749445,3,2019,dadra-&-nagar-haveli-&-daman-&-diu
Financial Services,533,425044.05141368794,3,2019,dadra-&-nagar-haveli-&-daman-&-diu
Others,5516,4636167.420289769,3,2019,dadra-&-nagar-haveli-&-daman-&-diu
Recharge & bill payments,351819,125809568.3505591,4,2019,dadra-&-nagar-haveli-&-daman-&-diu
Peer-to-peer payments,324464,1051976410.547205,4,2019,dadra-&-nagar-haveli-&-daman-&-diu
Merchant payments,86758,45361559.23824883,4,2019,dadra-&-nagar-haveli-&-daman-&-diu
Financial Services,1019,267762.49056630814,4,2019,dadra-&-nagar-haveli-&-daman-&-diu
Others,4911,3225961.384460643,4,2019,dadra-&-nagar-haveli-&-daman-&-diu
Recharge & bill payments,407577,153340696.30393672,1,2020,dadra-&-nagar-haveli-&-daman-&-diu
Peer-to-peer payments,329005,1119439489.500513,1,2020,dadra-&-nagar-haveli-&-daman-&-diu
Merchant payments,137040,66713356.79814301,1,2020,dadra-&-nagar-haveli-&-daman-&-diu
Financial Services,668,418783.1260904173,1,2020,dadra-&-nagar-haveli-&-daman-&-diu
Others,4289,2851043.563834071,1,2020,dadra-&-nagar-haveli-&-daman-&-diu
Recharge & bill payments,525974,178877986.72486582,2,2020,dadra-&-nagar-haveli-&-daman-&-diu
Peer-to-peer payments,323909,1052118443.3664521,2,2020,dadra-&-nagar-haveli-&-daman-&-diu
Merchant payments,118801,68938500.71228051,2,2020,dadra-&-nagar-haveli-&-daman-&-diu
Financial Services,1826,993268.2971840606,2,2020,dadra-&-nagar-haveli-&-daman-&-diu
Others,2642,1448254.787275234,2,2020,dadra-&-nagar-haveli-&-daman-&-diu
Recharge & bill payments,455603,201223380.1868608,3,2020,dadra-&-nagar-haveli-&-daman-&-diu
Peer-to-peer payments,419524,1401020928.231915,3,2020,dadra-&-nagar-haveli-&-daman-&-diu
Merchant payments,257572,143497844.4907236,3,2020,dadra-&-nagar-haveli-&-daman-&-diu
Financial Services,1635,1778864.0123306382,3,2020,dadra-&-nagar-haveli-&-daman-&-diu
Others,3978,2268098.077531771,3,2020,dadra-&-nagar-haveli-&-daman-&-diu
Peer-to-peer payments,666995,2153786522.547576,4,2020,dadra-&-nagar-haveli-&-daman-&-diu
Merchant payments,631443,316510115.8051566,4,2020,dadra-&-nagar-haveli-&-daman-&-diu
Recharge & bill payments,509971,224246669.7783347,4,2020,dadra-&-nagar-haveli-&-daman-&-diu
Financial Services,2453,1683959.5099964456,4,2020,dadra-&-nagar-haveli-&-daman-&-diu
Others,6929,4283833.187441602,4,2020,dadra-&-nagar-haveli-&-daman-&-diu
Peer-to-peer payments,768921,2379220756.223016,1,2021,dadra-&-nagar-haveli-&-daman-&-diu
Merchant payments,705821,367522132.380636,1,2021,dadra-&-nagar-haveli-&-daman-&-diu
Recharge & bill payments,442926,213177144.7320097,1,2021,dadra-&-nagar-haveli-&-daman-&-diu
Financial Services,2243,1930008.9716834244,1,2021,dadra-&-nagar-haveli-&-daman-&-diu
Others,5333,3782868.8861592514,1,2021,dadra-&-nagar-haveli-&-daman-&-diu
Peer-to-peer payments,843550,2512913026.427944,2,2021,dadra-&-nagar-haveli-&-daman-&-diu
Merchant payments,802899,430487473.930562,2,2021,dadra-&-nagar-haveli-&-daman-&-diu
Recharge & bill payments,471136,208762964.01200238,2,2021,dadra-&-nagar-haveli-&-daman-&-diu
Financial Services,1826,1763792.6506419359,2,2021,dadra-&-nagar-haveli-&-daman-&-diu
Others,5672,3741204.3977531465,2,2021,dadra-&-nagar-haveli-&-daman-&-diu
Merchant payments,1312241,706774071.9381688,3,2021,dadra-&-nagar-haveli-&-daman-&-diu
Peer-to-peer payments,1262732,3339347400.064355,3,2021,dadra-&-nagar-haveli-&-daman-&-diu
Recharge & bill payments,544322,253199754.8745275,3,2021,dadra-&-nagar-haveli-&-daman-&-diu
Financial Services,2065,2252116.636459231,3,2021,dadra-&-nagar-haveli-&-daman-&-diu
Others,8110,4365759.277996017,3,2021,dadra-&-nagar-haveli-&-daman-&-diu
Merchant payments,2013673,1058989463.165042,4,2021,dadra-&-nagar-haveli-&-daman-&-diu
Peer-to-peer payments,1577168,4202291071.7106133,4,2021,dadra-&-nagar-haveli-&-daman-&-diu
Recharge & bill payments,551618,294991582.16815025,4,2021,dadra-&-nagar-haveli-&-daman-&-diu
Financial Services,2909,3159306.4175118254,4,2021,dadra-&-nagar-haveli-&-daman-&-diu
Others,11717,6407962.869342193,4,2021,dadra-&-nagar-haveli-&-daman-&-diu
Merchant payments,2507246,1227972829.697026,1,2022,dadra-&-nagar-haveli-&-daman-&-diu
Peer-to-peer payments,1745454,4674787017.541661,1,2022,dadra-&-nagar-haveli-&-daman-&-diu
Recharge & bill payments,538134,326296370.8235702,1,2022,dadra-&-nagar-haveli-&-daman-&-diu
Financial Services,2574,2661345.5534556974,1,2022,dadra-&-nagar-haveli-&-daman-&-diu
Others,9395,5330803.646676767,1,2022,dadra-&-nagar-haveli-&-daman-&-diu
Merchant payments,3346697,1536859131.337481,2,2022,dadra-&-nagar-haveli-&-daman-&-diu
Peer-to-peer payments,1861799,5078832140.606572,2,2022,dadra-&-nagar-haveli-&-daman-&-diu
Recharge & bill payments,539562,372921225.4254243,2,2022,dadra-&-nagar-haveli-&-daman-&-diu
Financial Services,1849,2131607.7226029015,2,2022,dadra-&-nagar-haveli-&-daman-&-diu
Others,9864,4415675.718757721,2,2022,dadra-&-nagar-haveli-&-daman-&-diu
Merchant payments,3777156,1705567002.058646,3,2022,dadra-&-nagar-haveli-&-daman-&-diu
Peer-to-peer payments,2086741,5382949597.510585,3,2022,dadra-&-nagar-haveli-&-daman-&-diu
Recharge & bill payments,592431,425206924.52700937,3,2022,dadra-&-nagar-haveli-&-daman-&-diu
Financial Services,2237,3194409.939898855,3,2022,dadra-&-nagar-haveli-&-daman-&-diu
Others,7056,3729425.46329771,3,2022,dadra-&-nagar-haveli-&-daman-&-diu
Merchant payments,4415771,1889046056.198835,4,2022,dadra-&-nagar-haveli-&-daman-&-diu
Peer-to-peer payments,2215052,5737539058.403507,4,2022,dadra-&-nagar-haveli-&-daman-&-diu
Recharge & bill payments,548795,426040023.1105018,4,2022,dadra-&-nagar-haveli-&-daman-&-diu
Financial Services,2495,3169199.262533775,4,2022,dadra-&-nagar-haveli-&-daman-&-diu
Others,7472,3846409.1057498828,4,2022,dadra-&-nagar-haveli-&-daman-&-diu
Recharge & bill payments,3947297,1320559612.770412,1,2018,delhi
Peer-to-peer payments,2380820,9125685134.894358,1,2018,delhi
Merchant payments,339809,375393115.1913132,1,2018,delhi
Financial Services,136240,45588429.271575734,1,2018,delhi
Others,318588,344277514.7923026,1,2018,delhi
Recharge & bill payments,4511737,2078183615.8006341,2,2018,delhi
Peer-to-peer payments,3542716,14348179103.10983,2,2018,delhi
Merchant payments,837001,631597790.6002588,2,2018,delhi
Financial Services,205991,66584728.19594695,2,2018,delhi
Others,276278,321754664.4984691,2,2018,delhi
Peer-to-peer payments,8557153,22670122888.86821,3,2018,delhi
Recharge & bill payments,5305635,3261844270.537241,3,2018,delhi
Merchant payments,3808395,1048422633.7093569,3,2018,delhi
Financial Services,274526,45051151.351430364,3,2018,delhi
Others,601339,350405916.1523186,3,2018,delhi
Peer-to-peer payments,9973249,32389252494.75772,4,2018,delhi
Merchant payments,9958967,2738429838.9392734,4,2018,delhi
Recharge & bill payments,7483633,3961160542.5700665,4,2018,delhi
Financial Services,265004,58162003.43614492,4,2018,delhi
Others,1506866,575852739.0031942,4,2018,delhi
Peer-to-peer payments,20216287,48250023720.99173,1,2019,delhi
Merchant payments,13875931,3996618719.7994804,1,2019,delhi
Recharge & bill payments,10744978,5521320539.356213,1,2019,delhi
Financial Services,223095,30997039.69755583,1,2019,delhi
Others,1947036,670171769.6522964,1,2019,delhi
Merchant payments,20891431,6816878922.844399,2,2019,delhi
Peer-to-peer payments,20570311,65953571241.26435,2,2019,delhi
Recharge & bill payments,12869453,8035701902.391765,2,2019,delhi
Financial Services,137774,33985068.68378611,2,2019,delhi
Others,2702543,866678928.4439986,2,2019,delhi
Merchant payments,29453368,9857221391.940361,3,2019,delhi
Peer-to-peer payments,25201978,81904443496.29779,3,2019,delhi
Recharge & bill payments,11133404,10406524192.884481,3,2019,delhi
Financial Services,92061,27952186.986432,3,2019,delhi
Others,3657065,1000670778.347806,3,2019,delhi
Peer-to-peer payments,33040093,105858524152.3844,4,2019,delhi
Merchant payments,32537378,12864577363.07057,4,2019,delhi
Recharge & bill payments,11609898,9500486080.988451,4,2019,delhi
Financial Services,57063,21512527.97398922,4,2019,delhi
Others,3500565,779367300.4732571,4,2019,delhi
Merchant payments,33951545,14470782771.05468,1,2020,delhi
Peer-to-peer payments,32410795,108987600006.3667,1,2020,delhi
Recharge & bill payments,12822919,9498791147.929193,1,2020,delhi
Financial Services,46529,39908838.24852887,1,2020,delhi
Others,2515816,619460878.9909674,1,2020,delhi
Peer-to-peer payments,27155938,86227124454.10175,2,2020,delhi
Merchant payments,24963931,12708327043.86833,2,2020,delhi
Recharge & bill payments,13568505,8699886044.040596,2,2020,delhi
Financial Services,64790,75405868.16164647,2,2020,delhi
Others,288854,162694793.1586959,2,2020,delhi
Peer-to-peer payments,41498638,140074023548.1563,3,2020,delhi
Merchant payments,40973792,21858176583.0589,3,2020,delhi
Recharge & bill payments,13448341,12883226305.336542,3,2020,delhi
Financial Services,85689,114341865.26457219,3,2020,delhi
Others,485401,234194502.84422824,3,2020,delhi
Merchant payments,54581166,31106554562.7951,4,2020,delhi
Peer-to-peer payments,49631928,171546055992.1488,4,2020,delhi
Recharge & bill payments,14862946,12921793576.576849,4,2020,delhi
Financial Services,114862,160007919.76894262,4,2020,delhi
Others,1349515,530676173.2537967,4,2020,delhi
Merchant payments,72615587,39861532639.01234,1,2021,delhi
Peer-to-peer payments,61957428,210823551741.4093,1,2021,delhi
Recharge & bill payments,21164274,15447408658.77873,1,2021,delhi
Financial Services,153039,203106852.42387852,1,2021,delhi
Others,1468676,592745151.8683048,1,2021,delhi
Merchant payments,75620295,42933366743.23575,2,2021,delhi
Peer-to-peer payments,68497718,223034955527.7531,2,2021,delhi
Recharge & bill payments,25026678,15310096462.74644,2,2021,delhi
Financial Services,158170,190019761.4974139,2,2021,delhi
Others,854403,472659189.3086124,2,2021,delhi
Merchant payments,115250887,64006915630.532616,3,2021,delhi
Peer-to-peer payments,93292876,298005532606.47,3,2021,delhi
Recharge & bill payments,28427032,20934734871.90896,3,2021,delhi
Financial Services,144460,220660990.2206633,3,2021,delhi
Others,1645353,690472449.1489255,3,2021,delhi
Merchant payments,149204611,88990516304.07437,4,2021,delhi
Peer-to-peer payments,112380292,376556972334.1598,4,2021,delhi
Recharge & bill payments,30127352,22290161823.248642,4,2021,delhi
Financial Services,199280,287950130.2492174,4,2021,delhi
Others,771824,569713470.6592032,4,2021,delhi
Merchant payments,174454937,98212381475.57239,1,2022,delhi
Peer-to-peer payments,125111881,415305045689.30945,1,2022,delhi
Recharge & bill payments,29435981,22482865572.90493,1,2022,delhi
Financial Services,195184,271039329.10874933,1,2022,delhi
Others,1801878,693588769.393249,1,2022,delhi
Merchant payments,233412802,121657706565.0125,2,2022,delhi
Peer-to-peer payments,143447534,480685895058.7076,2,2022,delhi
Recharge & bill payments,32971294,26876059610.02211,2,2022,delhi
Financial Services,160827,209425798.8201316,2,2022,delhi
Others,641727,426563425.65446466,2,2022,delhi
Merchant payments,276635347,134292748569.0627,3,2022,delhi
Peer-to-peer payments,160580425,509428627035.33856,3,2022,delhi
Recharge & bill payments,37572389,33177115465.46472,3,2022,delhi
Financial Services,195218,265479580.4156591,3,2022,delhi
Others,608782,448676465.83468235,3,2022,delhi
Merchant payments,305621913,153114813286.2442,4,2022,delhi
Peer-to-peer payments,171970100,559069397370.8649,4,2022,delhi
Recharge & bill payments,36775874,31954251758.092308,4,2022,delhi
Financial Services,228639,299454652.7780056,4,2022,delhi
Others,606931,477098950.5964618,4,2022,delhi
Recharge & bill payments,85991,18273814.16270872,1,2018,goa
Peer-to-peer payments,59651,268175048.0699297,1,2018,goa
Merchant payments,7880,11036031.73565796,1,2018,goa
Financial Services,1191,520105.642400422,1,2018,goa
Others,6184,5851742.732386975,1,2018,goa
Recharge & bill payments,120943,30994284.170441043,2,2018,goa
Peer-to-peer payments,87878,419492232.5241037,2,2018,goa
Merchant payments,12456,20162855.70611957,2,2018,goa
Financial Services,1903,733429.427283199,2,2018,goa
Others,6395,7221023.530667527,2,2018,goa
Recharge & bill payments,158797,40314972.942088366,3,2018,goa
Peer-to-peer payments,150297,639468418.1317002,3,2018,goa
Merchant payments,21587,26634198.178851012,3,2018,goa
Financial Services,1867,468171.36483984883,3,2018,goa
Others,6963,6281208.620754639,3,2018,goa
Peer-to-peer payments,246426,1021902315.442675,4,2018,goa
Recharge & bill payments,212122,54832855.89468471,4,2018,goa
Merchant payments,45586,66666113.92145965,4,2018,goa
Financial Services,2523,723599.2328183289,4,2018,goa
Others,8098,8880194.430766659,4,2018,goa
Peer-to-peer payments,378848,1310759847.8146641,1,2019,goa
Recharge & bill payments,275277,78212835.0406034,1,2019,goa
Merchant payments,74527,75946974.41483101,1,2019,goa
Financial Services,2013,499592.0966860995,1,2019,goa
Others,8147,9904147.90979165,1,2019,goa
Peer-to-peer payments,373759,1391933790.754776,2,2019,goa
Recharge & bill payments,278060,93218689.41694948,2,2019,goa
Merchant payments,104592,92873008.6474504,2,2019,goa
Financial Services,1211,515859.8076807977,2,2019,goa
Others,10819,13325754.760758922,2,2019,goa
Peer-to-peer payments,475178,1704668027.015978,3,2019,goa
Recharge & bill payments,453806,157952854.9501171,3,2019,goa
Merchant payments,150578,123948570.5685749,3,2019,goa
Financial Services,1510,1282344.8444824044,3,2019,goa
Others,11344,12515394.11768832,3,2019,goa
Peer-to-peer payments,698728,2484453030.3184505,4,2019,goa
Recharge & bill payments,552421,205602115.1462514,4,2019,goa
Merchant payments,250893,218404664.86385107,4,2019,goa
Financial Services,1497,649712.8451498008,4,2019,goa
Others,11733,14350825.32576531,4,2019,goa
Peer-to-peer payments,817198,2851686768.653684,1,2020,goa
Recharge & bill payments,678079,244739382.20701852,1,2020,goa
Merchant payments,373110,298421548.1046571,1,2020,goa
Financial Services,1762,1816477.5692472362,1,2020,goa
Others,11088,13707055.38915557,1,2020,goa
Recharge & bill payments,758617,241196540.93798912,2,2020,goa
Peer-to-peer payments,493326,1766723888.202512,2,2020,goa
Merchant payments,221358,168591711.9469356,2,2020,goa
Financial Services,3081,3328361.317987765,2,2020,goa
Others,5710,3775927.611346662,2,2020,goa
Peer-to-peer payments,759351,2723430713.344406,3,2020,goa
Recharge & bill payments,696770,280187505.0339355,3,2020,goa
Merchant payments,446880,353193881.4783259,3,2020,goa
Financial Services,4985,6418950.466847964,3,2020,goa
Others,7545,5112530.621144422,3,2020,goa
Peer-to-peer payments,1550251,5407626413.043345,4,2020,goa
Merchant payments,1389834,1123844212.517181,4,2020,goa
Recharge & bill payments,839199,345088772.3784919,4,2020,goa
Financial Services,7287,10386560.38667797,4,2020,goa
Others,14810,12846789.254236259,4,2020,goa
Peer-to-peer payments,2235456,7553384653.1682,1,2021,goa
Merchant payments,2195509,1768358976.7158573,1,2021,goa
Recharge & bill payments,880682,410604192.7268899,1,2021,goa
Financial Services,8138,12207778.14863873,1,2021,goa
Others,11764,12687278.26183929,1,2021,goa
Merchant payments,1869384,1411529033.665019,2,2021,goa
Peer-to-peer payments,1866837,6195032351.177256,2,2021,goa
Recharge & bill payments,953219,383804809.3560881,2,2021,goa
Financial Services,8303,12371843.844825162,2,2021,goa
Others,12392,10115549.032816991,2,2021,goa
Merchant payments,2865625,2143135314.8979309,3,2021,goa
Peer-to-peer payments,2560305,7871092673.137299,3,2021,goa
Recharge & bill payments,1017351,438838003.2298236,3,2021,goa
Financial Services,8337,12943224.073821459,3,2021,goa
Others,16145,12416377.59749352,3,2021,goa
Merchant payments,5474662,4384250602.937037,4,2021,goa
Peer-to-peer payments,4408822,13618351952.66609,4,2021,goa
Recharge & bill payments,1170180,585734312.4063727,4,2021,goa
Financial Services,11320,17101084.66037453,4,2021,goa
Others,23775,21819163.1997744,4,2021,goa
Merchant payments,6364271,4682000388.389215,1,2022,goa
Peer-to-peer payments,4640380,14449830641.55571,1,2022,goa
Recharge & bill payments,1177071,646403472.1135541,1,2022,goa
Financial Services,11677,17490493.19245399,1,2022,goa
Others,20699,20720407.59517404,1,2022,goa
Merchant payments,7812998,5736211013.6866455,2,2022,goa
Peer-to-peer payments,5097942,16372343177.228302,2,2022,goa
Recharge & bill payments,1279377,738765635.2807853,2,2022,goa
Financial Services,10666,13192736.02810038,2,2022,goa
Others,15071,12525197.296362748,2,2022,goa
Merchant payments,7595135,5112175255.359402,3,2022,goa
Peer-to-peer payments,4449008,13780955270.35272,3,2022,goa
Recharge & bill payments,1122869,657115143.5357426,3,2022,goa
Financial Services,9992,12650738.42084387,3,2022,goa
Others,11683,11368868.03761505,3,2022,goa
Merchant payments,10319138,6739205748.43176,4,2022,goa
Peer-to-peer payments,5652373,17421974714.96234,4,2022,goa
Recharge & bill payments,1195865,734121700.6400626,4,2022,goa
Financial Services,12147,15705663.12696776,4,2022,goa
Others,13151,13978544.17801686,4,2022,goa
Recharge & bill payments,3691952,878929080.9916563,1,2018,gujarat
Peer-to-peer payments,1738974,6318864759.888066,1,2018,gujarat
Merchant payments,145436,166036667.5708913,1,2018,gujarat
Financial Services,122117,27986679.00971316,1,2018,gujarat
Others,250296,186165067.57372183,1,2018,gujarat
Recharge & bill payments,4643367,1571880396.377953,2,2018,gujarat
Peer-to-peer payments,2483231,10009680530.386879,2,2018,gujarat
Merchant payments,275503,356984574.1205573,2,2018,gujarat
Financial Services,140704,38598263.22838031,2,2018,gujarat
Others,202928,185541007.527258,2,2018,gujarat
Peer-to-peer payments,5287200,15272745137.7593,3,2018,gujarat
Recharge & bill payments,5117168,1938041688.967853,3,2018,gujarat
Merchant payments,573440,466209496.8015111,3,2018,gujarat
Financial Services,136468,24930605.60733972,3,2018,gujarat
Others,219873,164477497.1394802,3,2018,gujarat
Peer-to-peer payments,6488202,21207285184.78019,4,2018,gujarat
Recharge & bill payments,6138404,2297332323.0815268,4,2018,gujarat
Merchant payments,1656377,1088373316.058025,4,2018,gujarat
Financial Services,133915,30699273.16507,4,2018,gujarat
Others,316405,207297005.697784,4,2018,gujarat
Peer-to-peer payments,13465044,31231285551.30865,1,2019,gujarat
Recharge & bill payments,8595256,3104251732.6516943,1,2019,gujarat
Merchant payments,2493340,1296376125.1752782,1,2019,gujarat
Financial Services,114539,19581520.56940021,1,2019,gujarat
Others,323272,204585378.77191532,1,2019,gujarat
Peer-to-peer payments,12547493,41853661230.46584,2,2019,gujarat
Recharge & bill payments,10434449,4651874823.428602,2,2019,gujarat
Merchant payments,5486791,2526448415.35857,2,2019,gujarat
Financial Services,70502,17349813.389733132,2,2019,gujarat
Others,442607,271280936.6247084,2,2019,gujarat
Peer-to-peer payments,14529353,49206585462.018684,3,2019,gujarat
Merchant payments,11788077,4211116461.291188,3,2019,gujarat
Recharge & bill payments,11349625,5768100024.478059,3,2019,gujarat
Financial Services,78609,20507001.233050566,3,2019,gujarat
Others,482985,256386015.2468171,3,2019,gujarat
Peer-to-peer payments,19107911,64477452638.7778,4,2019,gujarat
Recharge & bill payments,12967713,6517891166.722656,4,2019,gujarat
Merchant payments,9964076,5480269119.720947,4,2019,gujarat
Financial Services,63498,20202767.264147878,4,2019,gujarat
Others,444434,194846362.42851493,4,2019,gujarat
Peer-to-peer payments,19068093,72393727235.07784,1,2020,gujarat
Recharge & bill payments,15648472,7197595156.690899,1,2020,gujarat
Merchant payments,12191478,7210758662.281933,1,2020,gujarat
Financial Services,50753,27460255.45966168,1,2020,gujarat
Others,367621,165535312.3927878,1,2020,gujarat
Recharge & bill payments,19971660,8322688556.9900055,2,2020,gujarat
Peer-to-peer payments,17569398,64723140394.229126,2,2020,gujarat
Merchant payments,9645967,7196610931.561442,2,2020,gujarat
Financial Services,59617,53132341.30500819,2,2020,gujarat
Others,173543,92274135.40504411,2,2020,gujarat
Peer-to-peer payments,23130724,89142122337.25531,3,2020,gujarat
Merchant payments,18338969,12749796641.7854,3,2020,gujarat
Recharge & bill payments,17481357,9820654243.808819,3,2020,gujarat
Financial Services,92278,84723188.62104334,3,2020,gujarat
Others,246851,124456073.2416335,3,2020,gujarat
Peer-to-peer payments,29967258,116743230330.362,4,2020,gujarat
Merchant payments,28430460,20844321156.65293,4,2020,gujarat
Recharge & bill payments,18943669,10441981826.08086,4,2020,gujarat
Financial Services,113371,120056733.88652492,4,2020,gujarat
Others,373789,243470065.4568177,4,2020,gujarat
Peer-to-peer payments,36427493,144818968373.0293,1,2021,gujarat
Merchant payments,35815382,26512643894.00317,1,2021,gujarat
Recharge & bill payments,22088838,11996115292.37784,1,2021,gujarat
Financial Services,126380,137612317.73580322,1,2021,gujarat
Others,316472,235440836.3042438,1,2021,gujarat
Merchant payments,42593432,33542305033.8295,2,2021,gujarat
Peer-to-peer payments,41642387,162483567902.3019,2,2021,gujarat
Recharge & bill payments,27127405,13750783181.944221,2,2021,gujarat
Financial Services,128647,136119996.7022825,2,2021,gujarat
Others,349525,249278437.3391409,2,2021,gujarat
Merchant payments,62934471,48197579736.51646,3,2021,gujarat
Peer-to-peer payments,56134212,208013326600.62402,3,2021,gujarat
Recharge & bill payments,29580901,15945997372.05868,3,2021,gujarat
Financial Services,125167,163304131.14365232,3,2021,gujarat
Others,473656,304418273.2454592,3,2021,gujarat
Merchant payments,84846502,68717933161.8696,4,2021,gujarat
Peer-to-peer payments,67301686,254338740726.63602,4,2021,gujarat
Recharge & bill payments,30072479,18739034341.66239,4,2021,gujarat
Financial Services,175393,209214620.7057898,4,2021,gujarat
Others,591265,377657202.7539646,4,2021,gujarat
Merchant payments,101648378,79563412221.78397,1,2022,gujarat
Peer-to-peer payments,77768758,292439274688.3083,1,2022,gujarat
Recharge & bill payments,30473298,20042066374.66357,1,2022,gujarat
Financial Services,160423,187077879.3846649,1,2022,gujarat
Others,496289,316261089.40738213,1,2022,gujarat
Merchant payments,131610193,95585623258.23605,2,2022,gujarat
Peer-to-peer payments,86423696,326945780476.5976,2,2022,gujarat
Recharge & bill payments,33424931,23844933238.40894,2,2022,gujarat
Financial Services,125180,142685436.4192669,2,2022,gujarat
Others,468796,278978567.18363523,2,2022,gujarat
Merchant payments,161264265,109018764232.9939,3,2022,gujarat
Peer-to-peer payments,103034790,359338045092.0105,3,2022,gujarat
Recharge & bill payments,38383683,28649040040.50214,3,2022,gujarat
Financial Services,152053,162173602.8459629,3,2022,gujarat
Others,404941,269479241.0969004,3,2022,gujarat
Merchant payments,186533503,125585214989.03001,4,2022,gujarat
Peer-to-peer payments,114868478,411053364214.2685,4,2022,gujarat
Recharge & bill payments,39167297,30789927498.95329,4,2022,gujarat
Financial Services,179101,194314203.0080444,4,2022,gujarat
Others,407639,295484431.27800745,4,2022,gujarat
Recharge & bill payments,2368002,535578755.0794511,1,2018,haryana
Peer-to-peer payments,1607193,5814807510.68666,1,2018,haryana
Merchant payments,167816,173513595.3537558,1,2018,haryana
Financial Services,128636,27501068.014126312,1,2018,haryana
Others,209123,242110585.52640373,1,2018,haryana
Recharge & bill payments,3054284,984897276.6519809,2,2018,haryana
Peer-to-peer payments,2388953,9745924809.851494,2,2018,haryana
Merchant payments,369916,334118261.4534411,2,2018,haryana
Financial Services,167570,38145882.441803865,2,2018,haryana
Others,170208,217328211.71769938,2,2018,haryana
Peer-to-peer payments,3753981,14429454356.345781,3,2018,haryana
Recharge & bill payments,3203386,1310467515.0605881,3,2018,haryana
Merchant payments,1003057,427387637.93353707,3,2018,haryana
Financial Services,100452,17323790.814170152,3,2018,haryana
Others,201148,190505707.4736181,3,2018,haryana
Peer-to-peer payments,5905032,22416919746.938683,4,2018,haryana
Recharge & bill payments,4116262,1671040703.731761,4,2018,haryana
Merchant payments,2413446,1013407379.896309,4,2018,haryana
Financial Services,120711,22252543.62175617,4,2018,haryana
Others,394732,267255642.2674202,4,2018,haryana
Peer-to-peer payments,12622225,30283578836.61907,1,2019,haryana
Recharge & bill payments,5576577,2202061874.5361753,1,2019,haryana
Merchant payments,3361995,1292375556.3150861,1,2019,haryana
Financial Services,101786,15201736.002431491,1,2019,haryana
Others,473192,258437718.15887582,1,2019,haryana
Peer-to-peer payments,10387562,37056084813.57578,2,2019,haryana
Recharge & bill payments,5902923,2838724048.08961,2,2019,haryana
Merchant payments,5738283,2292901816.143204,2,2019,haryana
Financial Services,57488,12080285.227121709,2,2019,haryana
Others,655560,301748850.18049383,2,2019,haryana
Peer-to-peer payments,11775288,43738290119.9285,3,2019,haryana
Merchant payments,9386779,3615636827.8118157,3,2019,haryana
Recharge & bill payments,8289987,4817098564.823641,3,2019,haryana
Financial Services,61503,16715100.88021799,3,2019,haryana
Others,829974,301378585.9978597,3,2019,haryana
Peer-to-peer payments,15729819,58242027266.14443,4,2019,haryana
Merchant payments,11615667,5253780278.236425,4,2019,haryana
Recharge & bill payments,9648003,5637358525.756194,4,2019,haryana
Financial Services,41688,13756049.144287622,4,2019,haryana
Others,790808,212797749.81994918,4,2019,haryana
Peer-to-peer payments,17728235,68367245528.07149,1,2020,haryana
Merchant payments,14327020,7075196609.224877,1,2020,haryana
Recharge & bill payments,11346112,6331682016.516322,1,2020,haryana
Financial Services,34488,25266730.1883267,1,2020,haryana
Others,600232,176823674.24305552,1,2020,haryana
Peer-to-peer payments,17334369,66645492690.67839,2,2020,haryana
Recharge & bill payments,12740328,6547618491.532405,2,2020,haryana
Merchant payments,11527654,7393393677.758501,2,2020,haryana
Financial Services,48759,49209527.29146182,2,2020,haryana
Others,129940,75550536.67993587,2,2020,haryana
Peer-to-peer payments,24123449,88796356487.11024,3,2020,haryana
Merchant payments,20845136,12141560866.98217,3,2020,haryana
Recharge & bill payments,12716319,8452802892.504496,3,2020,haryana
Financial Services,66457,80854296.9304013,3,2020,haryana
Others,186818,96375902.20346308,3,2020,haryana
Merchant payments,34063692,21382305452.06797,4,2020,haryana
Peer-to-peer payments,33920789,128613933346.855,4,2020,haryana
Recharge & bill payments,14682896,9675471300.731653,4,2020,haryana
Financial Services,84881,103265693.75364481,4,2020,haryana
Others,419181,223528573.1334415,4,2020,haryana
Merchant payments,39363588,23389100227.155342,1,2021,haryana
Peer-to-peer payments,36764622,135970636784.61829,1,2021,haryana
Recharge & bill payments,13680353,9260346909.440674,1,2021,haryana
Financial Services,79784,99672809.9922822,1,2021,haryana
Others,364437,218544351.2217209,1,2021,haryana
Merchant payments,45335533,29119078263.95798,2,2021,haryana
Peer-to-peer payments,44086559,161073685336.6668,2,2021,haryana
Recharge & bill payments,15861047,9839496894.971409,2,2021,haryana
Financial Services,85821,97238136.0951769,2,2021,haryana
Others,311896,227855606.99266592,2,2021,haryana
Merchant payments,66885213,40190922826.606285,3,2021,haryana
Peer-to-peer payments,55929958,188548678300.52472,3,2021,haryana
Recharge & bill payments,17087955,11681457468.964508,3,2021,haryana
Financial Services,77496,116592181.4699727,3,2021,haryana
Others,479071,289441481.64370304,3,2021,haryana
Merchant payments,84993587,56325102920.50671,4,2021,haryana
Peer-to-peer payments,66548306,238638993818.0959,4,2021,haryana
Recharge & bill payments,17632752,13817258646.066359,4,2021,haryana
Financial Services,105050,151421306.61683062,4,2021,haryana
Others,407280,307822609.1747935,4,2021,haryana
Merchant payments,98346418,62565728158.2885,1,2022,haryana
Peer-to-peer payments,74499889,263547240999.6833,1,2022,haryana
Recharge & bill payments,18494827,14765350795.965681,1,2022,haryana
Financial Services,107240,146586164.62792292,1,2022,haryana
Others,540235,279136534.2116163,1,2022,haryana
Merchant payments,130033573,76926347115.76375,2,2022,haryana
Peer-to-peer payments,84219451,300504797205.2718,2,2022,haryana
Recharge & bill payments,20011709,17457331653.44523,2,2022,haryana
Financial Services,89805,120610061.52845359,2,2022,haryana
Others,345424,224949213.49711913,2,2022,haryana
Merchant payments,151278013,87063736519.87311,3,2022,haryana
Peer-to-peer payments,95071203,319374569105.9015,3,2022,haryana
Recharge & bill payments,22592966,21247984018.68209,3,2022,haryana
Financial Services,111032,144937203.2864578,3,2022,haryana
Others,308596,223267730.28329998,3,2022,haryana
Merchant payments,169685872,102918159834.12408,4,2022,haryana
Peer-to-peer payments,102993798,364514204185.1917,4,2022,haryana
Recharge & bill payments,23545059,22666085169.84729,4,2022,haryana
Financial Services,118488,152488074.9943577,4,2022,haryana
Others,305148,239722615.94605044,4,2022,haryana
Recharge & bill payments,284371,49871175.826074265,1,2018,himachal-pradesh
Peer-to-peer payments,154572,546222027.4835303,1,2018,himachal-pradesh
Merchant payments,13241,13851230.834952451,1,2018,himachal-pradesh
Financial Services,8955,2040522.724771278,1,2018,himachal-pradesh
Others,20779,16752849.50300953,1,2018,himachal-pradesh
Recharge & bill payments,385642,83714322.414042,2,2018,himachal-pradesh
Peer-to-peer payments,243436,1043702964.1513069,2,2018,himachal-pradesh
Merchant payments,27851,31961300.88276595,2,2018,himachal-pradesh
Financial Services,11330,4108919.3075577794,2,2018,himachal-pradesh
Others,19436,19681794.595446683,2,2018,himachal-pradesh
Recharge & bill payments,457449,108456077.51862909,3,2018,himachal-pradesh
Peer-to-peer payments,362755,1596570994.9854271,3,2018,himachal-pradesh
Merchant payments,40675,31168155.22193054,3,2018,himachal-pradesh
Financial Services,8182,1552275.0537747287,3,2018,himachal-pradesh
Others,17693,16293930.078267328,3,2018,himachal-pradesh
Recharge & bill payments,598325,143031082.44320172,4,2018,himachal-pradesh
Peer-to-peer payments,590518,2367228879.446262,4,2018,himachal-pradesh
Merchant payments,86963,87575811.80014335,4,2018,himachal-pradesh
Financial Services,11834,2283052.790977265,4,2018,himachal-pradesh
Others,20243,21180141.658664484,4,2018,himachal-pradesh
Peer-to-peer payments,1178280,3066233587.9236503,1,2019,himachal-pradesh
Recharge & bill payments,844570,209521987.03977022,1,2019,himachal-pradesh
Merchant payments,115553,86624660.31120431,1,2019,himachal-pradesh
Financial Services,9585,1424229.9989233727,1,2019,himachal-pradesh
Others,20730,17676977.71750367,1,2019,himachal-pradesh
Peer-to-peer payments,1141873,4428007670.958708,2,2019,himachal-pradesh
Recharge & bill payments,1076793,279864579.9756226,2,2019,himachal-pradesh
Merchant payments,248517,141088575.8726466,2,2019,himachal-pradesh
Financial Services,5013,1453651.5352588107,2,2019,himachal-pradesh
Others,30110,25469495.26836324,2,2019,himachal-pradesh
Recharge & bill payments,1212659,327570066.9967147,3,2019,himachal-pradesh
Peer-to-peer payments,1181680,5039276845.295213,3,2019,himachal-pradesh
Merchant payments,312575,182746198.1643005,3,2019,himachal-pradesh
Financial Services,3096,1775673.9713265826,3,2019,himachal-pradesh
Others,25170,20649996.69578039,3,2019,himachal-pradesh
Peer-to-peer payments,1579582,6533855301.069828,4,2019,himachal-pradesh
Recharge & bill payments,1442940,402619114.99428564,4,2019,himachal-pradesh
Merchant payments,467309,314965060.6352696,4,2019,himachal-pradesh
Financial Services,4576,1769641.9665086274,4,2019,himachal-pradesh
Others,22239,17954418.58229015,4,2019,himachal-pradesh
Recharge & bill payments,1815157,542356756.9678606,1,2020,himachal-pradesh
Peer-to-peer payments,1594806,6431826925.118802,1,2020,himachal-pradesh
Merchant payments,711018,427497010.1043982,1,2020,himachal-pradesh
Financial Services,4711,3172303.6900622216,1,2020,himachal-pradesh
Others,18788,14613755.24156387,1,2020,himachal-pradesh
Recharge & bill payments,2558935,802231470.1628922,2,2020,himachal-pradesh
Peer-to-peer payments,1544488,6738488218.640328,2,2020,himachal-pradesh
Merchant payments,570031,479165630.61021036,2,2020,himachal-pradesh
Financial Services,7634,7359757.737539303,2,2020,himachal-pradesh
Others,14642,9659685.392965626,2,2020,himachal-pradesh
Recharge & bill payments,2416395,834567922.2742615,3,2020,himachal-pradesh
Peer-to-peer payments,1954492,8806586536.659174,3,2020,himachal-pradesh
Merchant payments,1090445,851539467.337558,3,2020,himachal-pradesh
Financial Services,9543,11391079.28873657,3,2020,himachal-pradesh
Others,19001,11969008.52725204,3,2020,himachal-pradesh
Recharge & bill payments,2638030,936305777.7250879,4,2020,himachal-pradesh
Peer-to-peer payments,2594659,11426268857.22963,4,2020,himachal-pradesh
Merchant payments,2001259,1589433440.268409,4,2020,himachal-pradesh
Financial Services,11353,15534252.217986539,4,2020,himachal-pradesh
Others,27027,21510781.37178286,4,2020,himachal-pradesh
Peer-to-peer payments,2845733,11358078843.5727,1,2021,himachal-pradesh
Recharge & bill payments,2547359,948929031.6443391,1,2021,himachal-pradesh
Merchant payments,2186946,1778219850.8347862,1,2021,himachal-pradesh
Financial Services,12561,16554205.50442734,1,2021,himachal-pradesh
Others,21430,18764977.93127317,1,2021,himachal-pradesh
Peer-to-peer payments,3340531,13035543546.66397,2,2021,himachal-pradesh
Recharge & bill payments,3216602,1045789841.9162079,2,2021,himachal-pradesh
Merchant payments,2883209,2378084375.199477,2,2021,himachal-pradesh
Financial Services,14642,16428390.623736272,2,2021,himachal-pradesh
Others,28918,19788385.405835293,2,2021,himachal-pradesh
Peer-to-peer payments,4455153,16560383923.20486,3,2021,himachal-pradesh
Merchant payments,4198808,3524434949.634083,3,2021,himachal-pradesh
Recharge & bill payments,3359406,1178802736.5280352,3,2021,himachal-pradesh
Financial Services,14497,22805774.60035712,3,2021,himachal-pradesh
Others,36303,23834687.160697922,3,2021,himachal-pradesh
Merchant payments,6062931,5228613146.743451,4,2021,himachal-pradesh
Peer-to-peer payments,5323397,19568394324.5848,4,2021,himachal-pradesh
Recharge & bill payments,3211367,1278824361.837138,4,2021,himachal-pradesh
Financial Services,18198,24809740.714031782,4,2021,himachal-pradesh
Others,50971,35578926.74639452,4,2021,himachal-pradesh
Merchant payments,7030946,5558905677.966259,1,2022,himachal-pradesh
Peer-to-peer payments,5718936,19473276901.33196,1,2022,himachal-pradesh
Recharge & bill payments,3271665,1429960686.766947,1,2022,himachal-pradesh
Financial Services,19314,24442138.153999712,1,2022,himachal-pradesh
Others,47319,31862035.7136404,1,2022,himachal-pradesh
Merchant payments,10591420,7697399368.08964,2,2022,himachal-pradesh
Peer-to-peer payments,7109948,24407668318.014187,2,2022,himachal-pradesh
Recharge & bill payments,3520538,1553155243.3951051,2,2022,himachal-pradesh
Financial Services,16901,20627276.079190243,2,2022,himachal-pradesh
Others,52564,30257752.66416522,2,2022,himachal-pradesh
Merchant payments,12686960,8511266152.669347,3,2022,himachal-pradesh
Peer-to-peer payments,8330778,27039659316.468132,3,2022,himachal-pradesh
Recharge & bill payments,4083168,1780405740.394115,3,2022,himachal-pradesh
Financial Services,21293,22686931.87064045,3,2022,himachal-pradesh
Others,42669,26764547.13816883,3,2022,himachal-pradesh
Merchant payments,15297492,10280295883.65635,4,2022,himachal-pradesh
Peer-to-peer payments,9284824,29629346091.977352,4,2022,himachal-pradesh
Recharge & bill payments,3907023,1810538524.3215191,4,2022,himachal-pradesh
Financial Services,24342,31775337.43636562,4,2022,himachal-pradesh
Others,41455,27387394.98209099,4,2022,himachal-pradesh
Recharge & bill payments,457813,78812610.35129012,1,2018,jammu-&-kashmir
Peer-to-peer payments,353621,861670157.9310012,1,2018,jammu-&-kashmir
Financial Services,65683,10269382.6199755,1,2018,jammu-&-kashmir
Merchant payments,28696,30967525.638810232,1,2018,jammu-&-kashmir
Others,35755,23651562.71504996,1,2018,jammu-&-kashmir
Recharge & bill payments,794502,166762242.9171875,2,2018,jammu-&-kashmir
Peer-to-peer payments,771844,2372961687.553617,2,2018,jammu-&-kashmir
Financial Services,112422,15636116.81386063,2,2018,jammu-&-kashmir
Merchant payments,79248,64454257.5252622,2,2018,jammu-&-kashmir
Others,38310,31391931.69294626,2,2018,jammu-&-kashmir
Peer-to-peer payments,1260453,3616022745.564584,3,2018,jammu-&-kashmir
Recharge & bill payments,822143,203079955.34644002,3,2018,jammu-&-kashmir
Merchant payments,140076,82826475.18797052,3,2018,jammu-&-kashmir
Financial Services,44464,6397888.3546260595,3,2018,jammu-&-kashmir
Others,36825,26373935.004048537,3,2018,jammu-&-kashmir
Peer-to-peer payments,1265457,5151829745.262983,4,2018,jammu-&-kashmir
Recharge & bill payments,970724,254473764.0023316,4,2018,jammu-&-kashmir
Merchant payments,402303,215771001.5429565,4,2018,jammu-&-kashmir
Financial Services,33775,6072177.152358056,4,2018,jammu-&-kashmir
Others,49051,36573577.73688933,4,2018,jammu-&-kashmir
Peer-to-peer payments,1913720,5414709531.836735,1,2019,jammu-&-kashmir
Recharge & bill payments,1131953,302663112.8884805,1,2019,jammu-&-kashmir
Merchant payments,452379,199219534.93760532,1,2019,jammu-&-kashmir
Financial Services,43247,4593545.201922052,1,2019,jammu-&-kashmir
Others,43688,30649751.656273108,1,2019,jammu-&-kashmir
Peer-to-peer payments,1180781,5666318253.462076,2,2019,jammu-&-kashmir
Recharge & bill payments,706569,215937468.94414753,2,2019,jammu-&-kashmir
Merchant payments,353678,188931529.48823643,2,2019,jammu-&-kashmir
Financial Services,22663,2652961.353697454,2,2019,jammu-&-kashmir
Others,32664,26301988.315348372,2,2019,jammu-&-kashmir
Peer-to-peer payments,618694,3499425217.958209,3,2019,jammu-&-kashmir
Recharge & bill payments,318061,111964437.03321171,3,2019,jammu-&-kashmir
Merchant payments,165115,120736230.0888475,3,2019,jammu-&-kashmir
Financial Services,2895,658515.8825482852,3,2019,jammu-&-kashmir
Others,11761,11446090.81965122,3,2019,jammu-&-kashmir
Peer-to-peer payments,310620,1799955855.971491,4,2019,jammu-&-kashmir
Merchant payments,91303,77859073.82317376,4,2019,jammu-&-kashmir
Recharge & bill payments,84803,49065907.045780964,4,2019,jammu-&-kashmir
Financial Services,197,213741.2862032762,4,2019,jammu-&-kashmir
Others,3005,2601419.6959477984,4,2019,jammu-&-kashmir
Peer-to-peer payments,435154,2654638582.0865793,1,2020,jammu-&-kashmir
Recharge & bill payments,341357,144213068.7120203,1,2020,jammu-&-kashmir
Merchant payments,135241,131144418.9650335,1,2020,jammu-&-kashmir
Financial Services,2350,2116665.1182805505,1,2020,jammu-&-kashmir
Others,7528,5530441.652102945,1,2020,jammu-&-kashmir
Peer-to-peer payments,1238380,7426818530.258213,2,2020,jammu-&-kashmir
Recharge & bill payments,1028741,413037418.32063264,2,2020,jammu-&-kashmir
Merchant payments,341375,403026357.7674071,2,2020,jammu-&-kashmir
Financial Services,9130,10415041.341445921,2,2020,jammu-&-kashmir
Others,17380,12351591.570849748,2,2020,jammu-&-kashmir
Peer-to-peer payments,1787154,10837119046.792648,3,2020,jammu-&-kashmir
Recharge & bill payments,1005745,443743222.50064695,3,2020,jammu-&-kashmir
Merchant payments,642688,667957476.4350253,3,2020,jammu-&-kashmir
Financial Services,10111,13281733.802213531,3,2020,jammu-&-kashmir
Others,20200,15128281.341935562,3,2020,jammu-&-kashmir
Peer-to-peer payments,2378539,13736841259.97928,4,2020,jammu-&-kashmir
Recharge & bill payments,1900075,536741118.3019938,4,2020,jammu-&-kashmir
Merchant payments,1377786,1045006123.459636,4,2020,jammu-&-kashmir
Financial Services,13578,17966592.69746909,4,2020,jammu-&-kashmir
Others,84466,44350708.939814664,4,2020,jammu-&-kashmir
Peer-to-peer payments,2800201,14801220301.14875,1,2021,jammu-&-kashmir
Recharge & bill payments,2554798,663747765.6760966,1,2021,jammu-&-kashmir
Merchant payments,1527253,1605408313.478133,1,2021,jammu-&-kashmir
Financial Services,17276,20848657.8594191,1,2021,jammu-&-kashmir
Others,98042,47124854.98932911,1,2021,jammu-&-kashmir
Peer-to-peer payments,3955437,19502438177.8094,2,2021,jammu-&-kashmir
Recharge & bill payments,3568970,892467613.5545957,2,2021,jammu-&-kashmir
Merchant payments,2378307,2343370985.582228,2,2021,jammu-&-kashmir
Financial Services,19432,21897796.18705631,2,2021,jammu-&-kashmir
Others,105673,53580855.45836207,2,2021,jammu-&-kashmir
Peer-to-peer payments,5621108,26562997915.198593,3,2021,jammu-&-kashmir
Recharge & bill payments,4192099,1126801385.0108972,3,2021,jammu-&-kashmir
Merchant payments,3197489,3818849262.990345,3,2021,jammu-&-kashmir
Financial Services,16071,27585395.493344463,3,2021,jammu-&-kashmir
Others,124274,62209689.3389434,3,2021,jammu-&-kashmir
Peer-to-peer payments,6852001,31444247707.63007,4,2021,jammu-&-kashmir
Merchant payments,5399465,6026170895.591109,4,2021,jammu-&-kashmir
Recharge & bill payments,4358892,1334473410.437731,4,2021,jammu-&-kashmir
Financial Services,20269,34425387.51761782,4,2021,jammu-&-kashmir
Others,160001,86920024.59513803,4,2021,jammu-&-kashmir
Peer-to-peer payments,6263588,25881919928.64283,1,2022,jammu-&-kashmir
Merchant payments,5769426,5903944370.148529,1,2022,jammu-&-kashmir
Recharge & bill payments,4046350,1253753685.61249,1,2022,jammu-&-kashmir
Financial Services,20506,28915576.11929956,1,2022,jammu-&-kashmir
Others,145441,79330065.6359112,1,2022,jammu-&-kashmir
Merchant payments,9917899,8541811640.294409,2,2022,jammu-&-kashmir
Peer-to-peer payments,8948548,35973490940.6326,2,2022,jammu-&-kashmir
Recharge & bill payments,4759941,1631580783.915923,2,2022,jammu-&-kashmir
Financial Services,17495,23857762.10049466,2,2022,jammu-&-kashmir
Others,169864,83549709.69216739,2,2022,jammu-&-kashmir
Merchant payments,9594459,8056512904.5609255,3,2022,jammu-&-kashmir
Peer-to-peer payments,8391981,31280124357.94366,3,2022,jammu-&-kashmir
Recharge & bill payments,4397779,1538833023.807197,3,2022,jammu-&-kashmir
Financial Services,16502,21281997.61037215,3,2022,jammu-&-kashmir
Others,133673,66802218.326068155,3,2022,jammu-&-kashmir
Merchant payments,13060020,9463119176.82875,4,2022,jammu-&-kashmir
Peer-to-peer payments,9209773,33017162449.59025,4,2022,jammu-&-kashmir
Recharge & bill payments,4885856,1738113554.24513,4,2022,jammu-&-kashmir
Financial Services,17803,26804683.92881795,4,2022,jammu-&-kashmir
Others,142706,70096050.90090424,4,2022,jammu-&-kashmir
Recharge & bill payments,1095857,132181815.28422521,1,2018,jharkhand
Peer-to-peer payments,809459,2036315435.6551178,1,2018,jharkhand
Financial Services,107755,45483178.104925826,1,2018,jharkhand
Merchant payments,66299,66465337.511485815,1,2018,jharkhand
Others,99551,93740623.36363094,1,2018,jharkhand
Recharge & bill payments,1398777,208894647.78855112,2,2018,jharkhand
Peer-to-peer payments,1375872,4205862516.7774906,2,2018,jharkhand
Financial Services,160637,65554548.24621317,2,2018,jharkhand
Merchant payments,130339,138889079.1612477,2,2018,jharkhand
Others,86455,102374867.0893502,2,2018,jharkhand
Peer-to-peer payments,6003688,8142915751.203349,3,2018,jharkhand
Recharge & bill payments,1539476,256930062.2034769,3,2018,jharkhand
Merchant payments,287427,155059935.0403524,3,2018,jharkhand
Financial Services,216343,38182603.57787939,3,2018,jharkhand
Others,75687,68483065.67956133,3,2018,jharkhand
Peer-to-peer payments,3325473,9414019816.80093,4,2018,jharkhand
Recharge & bill payments,1885135,328077093.47845775,4,2018,jharkhand
Merchant payments,845956,373435992.4816617,4,2018,jharkhand
Financial Services,136918,36357465.52244099,4,2018,jharkhand
Others,90561,90026272.83887213,4,2018,jharkhand
Peer-to-peer payments,5952105,12664709652.347082,1,2019,jharkhand
Recharge & bill payments,2347079,440323945.05772173,1,2019,jharkhand
Merchant payments,892826,391616776.11217976,1,2019,jharkhand
Financial Services,105558,47227410.81132864,1,2019,jharkhand
Others,90140,83358664.9497917,1,2019,jharkhand
Peer-to-peer payments,5155937,17044444613.80835,2,2019,jharkhand
Recharge & bill payments,2734377,562210324.8161658,2,2019,jharkhand
Merchant payments,2049311,862186711.5217196,2,2019,jharkhand
Financial Services,67479,51588987.162455104,2,2019,jharkhand
Others,121107,102270668.2376283,2,2019,jharkhand
Peer-to-peer payments,5708187,19050145624.07798,3,2019,jharkhand
Merchant payments,4766457,1494546030.83308,3,2019,jharkhand
Recharge & bill payments,3527625,754845093.6112013,3,2019,jharkhand
Financial Services,103620,80276391.6477037,3,2019,jharkhand
Others,114758,86160853.1891717,3,2019,jharkhand
Peer-to-peer payments,10301226,25360155657.21804,4,2019,jharkhand
Recharge & bill payments,4390094,966539484.5717083,4,2019,jharkhand
Merchant payments,3359590,1725990595.6016061,4,2019,jharkhand
Financial Services,104630,45850806.12718592,4,2019,jharkhand
Others,93078,49211833.15857271,4,2019,jharkhand
Peer-to-peer payments,8196850,29875044416.372463,1,2020,jharkhand
Recharge & bill payments,5454093,1358517296.965377,1,2020,jharkhand
Merchant payments,4499942,2298726414.666834,1,2020,jharkhand
Financial Services,46483,31523887.510064334,1,2020,jharkhand
Others,85345,47420137.7540625,1,2020,jharkhand
Peer-to-peer payments,8724053,32662370316.52174,2,2020,jharkhand
Recharge & bill payments,7538593,1987320466.8540502,2,2020,jharkhand
Merchant payments,3753633,2662438204.255661,2,2020,jharkhand
Financial Services,56553,130249402.0086719,2,2020,jharkhand
Others,68679,43823586.28346999,2,2020,jharkhand
Peer-to-peer payments,11984094,43128110246.270485,3,2020,jharkhand
Merchant payments,7728846,5163578368.000801,3,2020,jharkhand
Recharge & bill payments,7211293,2217657034.902201,3,2020,jharkhand
Financial Services,56918,63233533.18627854,3,2020,jharkhand
Others,87322,50036637.65387121,3,2020,jharkhand
Peer-to-peer payments,17120664,60733288288.10599,4,2020,jharkhand
Merchant payments,14168381,9347677563.842455,4,2020,jharkhand
Recharge & bill payments,7945996,2582828438.736846,4,2020,jharkhand
Financial Services,60989,63947540.001266286,4,2020,jharkhand
Others,135603,77432999.35699823,4,2020,jharkhand
Peer-to-peer payments,19151083,69198235576.72797,1,2021,jharkhand
Merchant payments,17489113,11545580927.24733,1,2021,jharkhand
Recharge & bill payments,7826608,2888409672.1323013,1,2021,jharkhand
Financial Services,50526,54836609.32711602,1,2021,jharkhand
Others,104333,62290337.70487929,1,2021,jharkhand
Peer-to-peer payments,24184568,86037113965.37598,2,2021,jharkhand
Merchant payments,19041292,14731458451.37311,2,2021,jharkhand
Recharge & bill payments,10583445,3531023352.488878,2,2021,jharkhand
Financial Services,54379,57959229.95440879,2,2021,jharkhand
Others,138461,75088312.26558907,2,2021,jharkhand
Peer-to-peer payments,30113326,97742557031.75543,3,2021,jharkhand
Merchant payments,29687162,19954619973.19194,3,2021,jharkhand
Recharge & bill payments,10742405,4029136911.757236,3,2021,jharkhand
Financial Services,51289,65035270.30823113,3,2021,jharkhand
Others,201520,99665931.8402131,3,2021,jharkhand
Merchant payments,45007900,30397134744.16734,4,2021,jharkhand
Peer-to-peer payments,39476282,130461675107.9945,4,2021,jharkhand
Recharge & bill payments,11173974,4920513757.5836115,4,2021,jharkhand
Financial Services,72802,82938673.40787342,4,2021,jharkhand
Others,278084,154856720.5525196,4,2021,jharkhand
Merchant payments,53218047,35404682302.819725,1,2022,jharkhand
Peer-to-peer payments,45881799,153327336656.77792,1,2022,jharkhand
Recharge & bill payments,11502811,5765898871.819412,1,2022,jharkhand
Financial Services,67502,72095750.37612481,1,2022,jharkhand
Others,241051,130193505.3740419,1,2022,jharkhand
Merchant payments,67435024,44149892984.34711,2,2022,jharkhand
Peer-to-peer payments,52086790,175208899196.82,2,2022,jharkhand
Recharge & bill payments,13145888,6119623547.3009,2,2022,jharkhand
Financial Services,50361,53281830.624961995,2,2022,jharkhand
Others,207212,104530269.0448263,2,2022,jharkhand
Merchant payments,74816586,45850919744.159195,3,2022,jharkhand
Peer-to-peer payments,57285937,176549466282.0438,3,2022,jharkhand
Recharge & bill payments,14462031,6838978157.223744,3,2022,jharkhand
Financial Services,68467,69016067.83164982,3,2022,jharkhand
Others,182311,104503812.6994251,3,2022,jharkhand
Merchant payments,91863987,57173653531.6919,4,2022,jharkhand
Peer-to-peer payments,68045210,212953650396.9668,4,2022,jharkhand
Recharge & bill payments,15110623,7625380765.3711195,4,2022,jharkhand
Financial Services,81074,89276259.66683595,4,2022,jharkhand
Others,199198,129776494.88471399,4,2022,jharkhand
Recharge & bill payments,5785292,1496816541.97102,1,2018,karnataka
Peer-to-peer payments,4456528,16522277460.17466,1,2018,karnataka
Merchant payments,1089627,696586489.2644083,1,2018,karnataka
Financial Services,159848,52664837.407078,1,2018,karnataka
Others,525604,449549985.19633806,1,2018,karnataka
Recharge & bill payments,7391926,2435924808.054059,2,2018,karnataka
Peer-to-peer payments,7164836,29135024501.31963,2,2018,karnataka
Merchant payments,1874383,1361967204.919347,2,2018,karnataka
Financial Services,194363,93244737.61226672,2,2018,karnataka
Others,490939,489418829.3956837,2,2018,karnataka
Peer-to-peer payments,12863507,42819128165.14718,3,2018,karnataka
Recharge & bill payments,8674172,3019156590.415938,3,2018,karnataka
Merchant payments,3638065,1879406580.5386481,3,2018,karnataka
Financial Services,205740,50726023.40346949,3,2018,karnataka
Others,598777,456674396.30284667,3,2018,karnataka
Peer-to-peer payments,20471744,63575342228.05887,4,2018,karnataka
Merchant payments,11812478,4751317554.815564,4,2018,karnataka
Recharge & bill payments,11426205,4030978295.0626955,4,2018,karnataka
Financial Services,289353,71134704.79416475,4,2018,karnataka
Others,812291,579613793.3366778,4,2018,karnataka
Peer-to-peer payments,44049036,104118436760.3156,1,2019,karnataka
Merchant payments,24491960,7076613843.774634,1,2019,karnataka
Recharge & bill payments,16981941,6217689429.770171,1,2019,karnataka
Financial Services,293728,51023386.14504391,1,2019,karnataka
Others,770944,512618725.75178516,1,2019,karnataka
Peer-to-peer payments,50033334,142910706254.4051,2,2019,karnataka
Merchant payments,44848593,12338599108.547262,2,2019,karnataka
Recharge & bill payments,19283028,7745156562.557001,2,2019,karnataka
Financial Services,140353,44871623.829314835,2,2019,karnataka
Others,1096296,662690676.7455502,2,2019,karnataka
Merchant payments,76924325,20375791901.51608,3,2019,karnataka
Peer-to-peer payments,67784880,183163325083.02164,3,2019,karnataka
Recharge & bill payments,24339891,10208179941.827309,3,2019,karnataka
Financial Services,189716,57194690.69137601,3,2019,karnataka
Others,1494923,732228821.132016,3,2019,karnataka
Merchant payments,114044901,31602890835.85107,4,2019,karnataka
Peer-to-peer payments,93311589,250562864352.7836,4,2019,karnataka
Recharge & bill payments,28862161,12183568521.027191,4,2019,karnataka
Financial Services,101937,51145982.18087677,4,2019,karnataka
Others,1475664,646673755.3894986,4,2019,karnataka
Merchant payments,132970737,40374401933.52863,1,2020,karnataka
Peer-to-peer payments,100868460,297635301555.93097,1,2020,karnataka
Recharge & bill payments,35854971,14724886028.4034,1,2020,karnataka
Financial Services,93648,110130184.7219853,1,2020,karnataka
Others,1246074,557335296.81275,1,2020,karnataka
Merchant payments,87251639,38463881234.438194,2,2020,karnataka
Peer-to-peer payments,82118363,265767207470.1678,2,2020,karnataka
Recharge & bill payments,43290272,16434890228.306221,2,2020,karnataka
Financial Services,161560,246367207.06107083,2,2020,karnataka
Others,399878,192530880.1645686,2,2020,karnataka
Merchant payments,137206600,60769881812.00958,3,2020,karnataka
Peer-to-peer payments,119241776,390432374828.4793,3,2020,karnataka
Recharge & bill payments,43139631,18911088810.529343,3,2020,karnataka
Financial Services,251980,358426105.9585576,3,2020,karnataka
Others,520544,268744139.7048992,3,2020,karnataka
Merchant payments,215711211,97147239182.96416,4,2020,karnataka
Peer-to-peer payments,166981242,538340957771.568,4,2020,karnataka
Recharge & bill payments,47736461,21611671359.120274,4,2020,karnataka
Financial Services,284700,427966918.9300599,4,2020,karnataka
Others,823370,508863332.43586946,4,2020,karnataka
Merchant payments,279599017,117959690729.6494,1,2021,karnataka
Peer-to-peer payments,190894164,610937002732.095,1,2021,karnataka
Recharge & bill payments,52261651,25111731675.64637,1,2021,karnataka
Financial Services,297710,475815041.81600153,1,2021,karnataka
Others,744950,511117233.1864775,1,2021,karnataka
Merchant payments,244460862,124624417935.0589,2,2021,karnataka
Peer-to-peer payments,216539959,684035748184.4377,2,2021,karnataka
Recharge & bill payments,68599238,28272314719.076206,2,2021,karnataka
Financial Services,304779,456933673.98713577,2,2021,karnataka
Others,744208,497736717.4893276,2,2021,karnataka
Merchant payments,391381353,190563423840.34482,3,2021,karnataka
Peer-to-peer payments,288462867,908138627418.7013,3,2021,karnataka
Recharge & bill payments,72168311,33386709060.80711,3,2021,karnataka
Financial Services,286685,508051800.8625039,3,2021,karnataka
Others,997323,637927036.8737217,3,2021,karnataka
Merchant payments,503210623,243754536471.1106,4,2021,karnataka
Peer-to-peer payments,350032663,1090951587881.0441,4,2021,karnataka
Recharge & bill payments,76826701,39294350717.40591,4,2021,karnataka
Financial Services,365769,574240588.1883193,4,2021,karnataka
Others,1289682,896608692.1244912,4,2021,karnataka
Merchant payments,588543313,278109650949.8691,1,2022,karnataka
Peer-to-peer payments,389491586,1243199329198.8582,1,2022,karnataka
Recharge & bill payments,78206453,43891305256.63388,1,2022,karnataka
Financial Services,384922,624857963.4375479,1,2022,karnataka
Others,1229133,824344937.0828401,1,2022,karnataka
Merchant payments,735295388,358016289601.7625,2,2022,karnataka
Peer-to-peer payments,449723751,1457330278795.186,2,2022,karnataka
Recharge & bill payments,91137091,50583781089.16758,2,2022,karnataka
Financial Services,351688,545330283.2377212,2,2022,karnataka
Others,941042,670434289.8797817,2,2022,karnataka
Merchant payments,704609552,333606445776.60834,3,2022,karnataka
Peer-to-peer payments,404084880,1282604186671.176,3,2022,karnataka
Recharge & bill payments,79979546,48539011844.0797,3,2022,karnataka
Financial Services,361312,558132533.414458,3,2022,karnataka
Others,726038,610455785.7449958,3,2022,karnataka
Merchant payments,830157371,380643835280.23364,4,2022,karnataka
Peer-to-peer payments,460041715,1468087523889.2761,4,2022,karnataka
Recharge & bill payments,87517348,54445900607.2116,4,2022,karnataka
Financial Services,426795,650217624.1227758,4,2022,karnataka
Others,767142,689145506.798728,4,2022,karnataka
Recharge & bill payments,988774,157311821.37585652,1,2018,kerala
Peer-to-peer payments,600205,2107288314.302522,1,2018,kerala
Merchant payments,72164,82919383.04571174,1,2018,kerala
Financial Services,40170,7957491.901965583,1,2018,kerala
Others,70067,47197742.474449396,1,2018,kerala
Recharge & bill payments,1230869,248080143.25702393,2,2018,kerala
Peer-to-peer payments,848291,3436199589.0773168,2,2018,kerala
Merchant payments,131217,144501582.0466669,2,2018,kerala
Financial Services,41100,12355589.343616951,2,2018,kerala
Others,56688,45786439.71799916,2,2018,kerala
Peer-to-peer payments,1425259,4823239268.279744,3,2018,kerala
Recharge & bill payments,1407588,296352497.34099543,3,2018,kerala
Merchant payments,210974,160705488.6023575,3,2018,kerala
Financial Services,37286,6170643.387882499,3,2018,kerala
Others,53241,36557326.26447625,3,2018,kerala
Peer-to-peer payments,2073960,6959805154.570259,4,2018,kerala
Recharge & bill payments,1679897,351296525.2985757,4,2018,kerala
Merchant payments,417114,378857199.6490426,4,2018,kerala
Financial Services,75084,10063656.72606766,4,2018,kerala
Others,64599,47338700.56846385,4,2018,kerala
Peer-to-peer payments,3601116,9314451112.085836,1,2019,kerala
Recharge & bill payments,2180915,498453895.94724303,1,2019,kerala
Merchant payments,550707,371997848.2006638,1,2019,kerala
Financial Services,77652,7808573.898364296,1,2019,kerala
Others,58649,42319704.717572376,1,2019,kerala
Peer-to-peer payments,3519528,11630623424.13149,2,2019,kerala
Recharge & bill payments,2711299,768892057.7982787,2,2019,kerala
Merchant payments,937130,569545842.9999,2,2019,kerala
Financial Services,38869,5823291.622642939,2,2019,kerala
Others,77000,56486944.63322557,2,2019,kerala
Peer-to-peer payments,4181954,14433990011.32079,3,2019,kerala
Recharge & bill payments,3431236,1051007778.312957,3,2019,kerala
Merchant payments,1497029,879510566.1106174,3,2019,kerala
Financial Services,96130,8910528.723410578,3,2019,kerala
Others,79747,56390837.596709594,3,2019,kerala
Peer-to-peer payments,5859068,18537483865.44591,4,2019,kerala
Recharge & bill payments,4097032,1287955351.66479,4,2019,kerala
Merchant payments,2418428,1268704040.1006923,4,2019,kerala
Financial Services,50728,10816332.760911912,4,2019,kerala
Others,73381,46367047.83244334,4,2019,kerala
Peer-to-peer payments,6634439,22862907701.60516,1,2020,kerala
Recharge & bill payments,5507580,1716538277.369673,1,2020,kerala
Merchant payments,3485036,1810329140.1843731,1,2020,kerala
Financial Services,38050,17160614.59325491,1,2020,kerala
Others,68417,44149097.18179157,1,2020,kerala
Recharge & bill payments,7709714,2452435028.9249372,2,2020,kerala
Peer-to-peer payments,5603046,21309983654.739,2,2020,kerala
Merchant payments,2888260,2075701451.362759,2,2020,kerala
Financial Services,40501,32921115.845954422,2,2020,kerala
Others,46446,23037227.727544233,2,2020,kerala
Peer-to-peer payments,8590587,33346812213.79867,3,2020,kerala
Recharge & bill payments,7932950,2688361345.2045465,3,2020,kerala
Merchant payments,5065205,4016995193.6035366,3,2020,kerala
Financial Services,94130,76828720.82445313,3,2020,kerala
Others,75808,35153178.522981875,3,2020,kerala
Peer-to-peer payments,12941135,45686395927.74489,4,2020,kerala
Merchant payments,10990709,7695667406.723909,4,2020,kerala
Recharge & bill payments,9167428,3238199947.525463,4,2020,kerala
Financial Services,73833,69202344.44095233,4,2020,kerala
Others,115082,65791020.57617174,4,2020,kerala
Peer-to-peer payments,16209203,55336812492.746414,1,2021,kerala
Merchant payments,16105923,10058436408.18426,1,2021,kerala
Recharge & bill payments,9837385,3732534739.043629,1,2021,kerala
Financial Services,68012,69655547.76092248,1,2021,kerala
Others,95819,63530974.15939384,1,2021,kerala
Peer-to-peer payments,17026648,58152644526.04467,2,2021,kerala
Merchant payments,16135060,11263178335.98088,2,2021,kerala
Recharge & bill payments,13809151,4645548909.798976,2,2021,kerala
Financial Services,88830,88370679.95309764,2,2021,kerala
Others,131344,77063984.37888283,2,2021,kerala
Merchant payments,25402350,17877677018.107372,3,2021,kerala
Peer-to-peer payments,23378091,78598482305.73877,3,2021,kerala
Recharge & bill payments,13979407,5008396079.412957,3,2021,kerala
Financial Services,85730,101460242.2623948,3,2021,kerala
Others,182688,100146127.60812959,3,2021,kerala
Merchant payments,38574904,24589454633.018272,4,2021,kerala
Peer-to-peer payments,29075528,92774490034.55844,4,2021,kerala
Recharge & bill payments,13781815,5689390023.204553,4,2021,kerala
Financial Services,108232,128238698.7405598,4,2021,kerala
Others,283262,160563553.84187672,4,2021,kerala
Merchant payments,47778743,28685388646.415363,1,2022,kerala
Peer-to-peer payments,33089518,104623270223.3171,1,2022,kerala
Recharge & bill payments,14042317,6373570715.96907,1,2022,kerala
Financial Services,134370,158926455.91425732,1,2022,kerala
Others,236017,147786423.0782508,1,2022,kerala
Merchant payments,55730158,34395023155.77253,2,2022,kerala
Peer-to-peer payments,35630060,112813716119.4625,2,2022,kerala
Recharge & bill payments,14701207,7230489227.091859,2,2022,kerala
Financial Services,110336,133436809.91322711,2,2022,kerala
Others,193561,123664236.88435219,2,2022,kerala
Merchant payments,64984061,37852759989.759125,3,2022,kerala
Peer-to-peer payments,38774832,116414003145.11601,3,2022,kerala
Recharge & bill payments,15289755,7709237374.351864,3,2022,kerala
Financial Services,146673,162861560.0739113,3,2022,kerala
Others,167583,121557246.12854591,3,2022,kerala
Merchant payments,74647115,40607857085.64609,4,2022,kerala
Peer-to-peer payments,42471676,124564727703.6055,4,2022,kerala
Recharge & bill payments,15520670,8075692517.2755575,4,2022,kerala
Financial Services,164334,191307058.1462068,4,2022,kerala
Others,156673,120224235.03622031,4,2022,kerala
Recharge & bill payments,3550,927250.7143707818,1,2018,ladakh
Peer-to-peer payments,1752,10767803.999610359,1,2018,ladakh
Merchant payments,320,369327.62555241917,1,2018,ladakh
Financial Services,132,274283.17576680594,1,2018,ladakh
Others,335,194192.25581440225,1,2018,ladakh
Recharge & bill payments,8075,2417434.2729015187,2,2018,ladakh
Peer-to-peer payments,5667,42638443.11997231,2,2018,ladakh
Merchant payments,724,1761366.2964342085,2,2018,ladakh
Financial Services,151,127324.6279709443,2,2018,ladakh
Others,393,390334.220462498,2,2018,ladakh
Recharge & bill payments,13136,4676712.344045115,3,2018,ladakh
Peer-to-peer payments,10133,77085890.57395567,3,2018,ladakh
Merchant payments,1168,2016579.2506718007,3,2018,ladakh
Financial Services,84,69317.12287872119,3,2018,ladakh
Others,343,242477.8532947429,3,2018,ladakh
Recharge & bill payments,16650,5701932.895454288,4,2018,ladakh
Peer-to-peer payments,15939,123611779.58930421,4,2018,ladakh
Merchant payments,1881,5082666.820758243,4,2018,ladakh
Financial Services,142,94604.73391846984,4,2018,ladakh
Others,599,1031858.4532022325,4,2018,ladakh
Peer-to-peer payments,22076,139715922.1887053,1,2019,ladakh
Recharge & bill payments,20014,7186109.182288248,1,2019,ladakh
Merchant payments,3238,4967122.4999400275,1,2019,ladakh
Financial Services,114,111851.02856430915,1,2019,ladakh
Others,703,878916.0496292994,1,2019,ladakh
Peer-to-peer payments,34202,240305709.9282429,2,2019,ladakh
Recharge & bill payments,25357,10116773.36613449,2,2019,ladakh
Merchant payments,8220,7726519.367758205,2,2019,ladakh
Financial Services,86,113767.09768193656,2,2019,ladakh
Others,907,992737.2376073576,2,2019,ladakh
Peer-to-peer payments,43198,303596367.6795853,3,2019,ladakh
Recharge & bill payments,41491,18054746.12144833,3,2019,ladakh
Merchant payments,6963,8096082.971229901,3,2019,ladakh
Financial Services,48,148633.29469977494,3,2019,ladakh
Others,696,1233697.1268589406,3,2019,ladakh
Peer-to-peer payments,42095,298044908.5075786,4,2019,ladakh
Recharge & bill payments,35467,16510212.10075311,4,2019,ladakh
Merchant payments,6522,8717893.899929387,4,2019,ladakh
Financial Services,46,162760.63254625077,4,2019,ladakh
Others,576,1253584.887304229,4,2019,ladakh
Peer-to-peer payments,51560,339551900.3873952,1,2020,ladakh
Recharge & bill payments,49801,23010664.72023286,1,2020,ladakh
Merchant payments,14264,13338124.27189282,1,2020,ladakh
Financial Services,204,583108.9455483773,1,2020,ladakh
Others,590,1155879.120674257,1,2020,ladakh
Recharge & bill payments,70601,32087339.266190987,2,2020,ladakh
Peer-to-peer payments,68450,470749365.0981604,2,2020,ladakh
Merchant payments,15132,19679330.18641492,2,2020,ladakh
Financial Services,337,786069.1630768818,2,2020,ladakh
Others,490,490894.93818109273,2,2020,ladakh
Peer-to-peer payments,108345,751333715.2896031,3,2020,ladakh
Recharge & bill payments,81623,40380074.55014179,3,2020,ladakh
Merchant payments,36861,40538778.75651745,3,2020,ladakh
Financial Services,621,2334917.7832646337,3,2020,ladakh
Others,772,900013.678666259,3,2020,ladakh
Peer-to-peer payments,151582,985814864.3429123,4,2020,ladakh
Recharge & bill payments,94133,44185250.8636451,4,2020,ladakh
Merchant payments,83868,77511378.30739444,4,2020,ladakh
Financial Services,729,1965054.5898611392,4,2020,ladakh
Others,1822,2486922.4041473325,4,2020,ladakh
Peer-to-peer payments,141894,869999786.1513934,1,2021,ladakh
Recharge & bill payments,72719,35459532.4121063,1,2021,ladakh
Merchant payments,58875,74977913.47237433,1,2021,ladakh
Financial Services,629,1455016.148284281,1,2021,ladakh
Others,1298,1527565.0627209258,1,2021,ladakh
Peer-to-peer payments,209818,1259044412.435873,2,2021,ladakh
Recharge & bill payments,95458,44754721.82815342,2,2021,ladakh
Merchant payments,92078,119608470.04115531,2,2021,ladakh
Financial Services,755,1756762.1471181023,2,2021,ladakh
Others,1607,2094729.0180191218,2,2021,ladakh
Peer-to-peer payments,330919,1917311078.128726,3,2021,ladakh
Merchant payments,135108,233260756.50887147,3,2021,ladakh
Recharge & bill payments,121856,58750081.815117195,3,2021,ladakh
Financial Services,900,1911625.5446910746,3,2021,ladakh
Others,2204,2751201.9371823343,3,2021,ladakh
Peer-to-peer payments,337120,1804428550.1884868,4,2021,ladakh
Merchant payments,169110,284786365.9296017,4,2021,ladakh
Recharge & bill payments,120607,58403893.47253243,4,2021,ladakh
Financial Services,912,3068708.947120995,4,2021,ladakh
Others,2438,2847620.2425241945,4,2021,ladakh
Peer-to-peer payments,343041,1685241980.6641831,1,2022,ladakh
Merchant payments,167100,279354508.988595,1,2022,ladakh
Recharge & bill payments,116486,56203999.28920926,1,2022,ladakh
Financial Services,1247,2023327.6779848374,1,2022,ladakh
Others,2141,2217102.222236882,1,2022,ladakh
Peer-to-peer payments,608870,2941624382.277109,2,2022,ladakh
Merchant payments,346146,508439376.6809197,2,2022,ladakh
Recharge & bill payments,158996,88531677.99442025,2,2022,ladakh
Financial Services,1585,2487560.1853386,2,2022,ladakh
Others,2476,2235180.8584825676,2,2022,ladakh
Peer-to-peer payments,659896,2955729492.498551,3,2022,ladakh
Merchant payments,367022,551472983.879604,3,2022,ladakh
Recharge & bill payments,160269,94288872.34747364,3,2022,ladakh
Financial Services,1555,1815866.8961950848,3,2022,ladakh
Others,2116,1892134.7520804727,3,2022,ladakh
Peer-to-peer payments,559259,2350047971.603546,4,2022,ladakh
Merchant payments,382456,462189599.2843026,4,2022,ladakh
Recharge & bill payments,138793,79767790.98577228,4,2022,ladakh
Financial Services,1248,1198715.2123450316,4,2022,ladakh
Others,1616,1273495.592982805,4,2022,ladakh
Peer-to-peer payments,423,1860278.2784597143,1,2018,lakshadweep
Recharge & bill payments,342,61432.04938505074,1,2018,lakshadweep
Merchant payments,5,590.7505138175776,1,2018,lakshadweep
Others,8,6310.102519157715,1,2018,lakshadweep
Peer-to-peer payments,1315,5757123.079919379,2,2018,lakshadweep
Recharge & bill payments,750,353202.7988510042,2,2018,lakshadweep
Merchant payments,42,64568.47789279556,2,2018,lakshadweep
Financial Services,6,9134.413223158994,2,2018,lakshadweep
Others,19,3780.7695141997474,2,2018,lakshadweep
Peer-to-peer payments,841,3926048.74488305,3,2018,lakshadweep
Recharge & bill payments,760,300978.32420203416,3,2018,lakshadweep
Merchant payments,87,94046.43333034206,3,2018,lakshadweep
Others,15,17958.809570422687,3,2018,lakshadweep
Recharge & bill payments,792,351201.0879000404,4,2018,lakshadweep
Peer-to-peer payments,689,3841230.430870924,4,2018,lakshadweep
Merchant payments,144,262079.85573632165,4,2018,lakshadweep
Financial Services,6,389.8932323919954,4,2018,lakshadweep
Others,11,8312.430483153179,4,2018,lakshadweep
Peer-to-peer payments,1183,8221402.368536929,1,2019,lakshadweep
Recharge & bill payments,1173,353870.52398354514,1,2019,lakshadweep
Merchant payments,113,183062.1455975621,1,2019,lakshadweep
Others,12,27795.441220958,1,2019,lakshadweep
Recharge & bill payments,1448,436735.1684614296,2,2019,lakshadweep
Peer-to-peer payments,1318,8602732.117788196,2,2019,lakshadweep
Merchant payments,137,190716.5411561734,2,2019,lakshadweep
Others,23,12340.30958308919,2,2019,lakshadweep
Recharge & bill payments,1528,503049.2411913635,3,2019,lakshadweep
Peer-to-peer payments,1455,8923273.862948446,3,2019,lakshadweep
Merchant payments,111,215159.68119447335,3,2019,lakshadweep
Others,10,10278.678434187355,3,2019,lakshadweep
Recharge & bill payments,1801,618155.9004644766,4,2019,lakshadweep
Peer-to-peer payments,1753,10383413.24667049,4,2019,lakshadweep
Merchant payments,188,211413.62244321496,4,2019,lakshadweep
Financial Services,2,34.39721181625656,4,2019,lakshadweep
Others,21,56896.23813384895,4,2019,lakshadweep
Recharge & bill payments,2684,789255.2646123999,1,2020,lakshadweep
Peer-to-peer payments,2068,12463327.26183683,1,2020,lakshadweep
Merchant payments,387,216594.03077193064,1,2020,lakshadweep
Others,12,33192.017283045374,1,2020,lakshadweep
Recharge & bill payments,4497,1061694.138574572,2,2020,lakshadweep
Peer-to-peer payments,2176,14718605.188911092,2,2020,lakshadweep
Merchant payments,472,971609.4583537823,2,2020,lakshadweep
Financial Services,60,158593.59701229632,2,2020,lakshadweep
Others,15,32419.703092655054,2,2020,lakshadweep
Recharge & bill payments,4696,1186947.553816269,3,2020,lakshadweep
Peer-to-peer payments,2946,19189391.61874283,3,2020,lakshadweep
Merchant payments,903,842981.169451366,3,2020,lakshadweep
Financial Services,27,45457.50970027798,3,2020,lakshadweep
Others,17,42055.45694608544,3,2020,lakshadweep
Recharge & bill payments,5187,1499298.1127799235,4,2020,lakshadweep
Peer-to-peer payments,4741,27284123.245665,4,2020,lakshadweep
Merchant payments,1668,1227101.6378793938,4,2020,lakshadweep
Financial Services,22,13968.7539965527,4,2020,lakshadweep
Others,32,86826.16675951776,4,2020,lakshadweep
Peer-to-peer payments,3942,24823715.01742214,1,2021,lakshadweep
Recharge & bill payments,3541,1070209.4218526704,1,2021,lakshadweep
Merchant payments,1537,1040213.7953898906,1,2021,lakshadweep
Financial Services,19,15929.095105497145,1,2021,lakshadweep
Others,46,92715.5843109472,1,2021,lakshadweep
Recharge & bill payments,5499,1745295.828077295,2,2021,lakshadweep
Peer-to-peer payments,4069,23996417.49366483,2,2021,lakshadweep
Merchant payments,1743,1525331.9146529401,2,2021,lakshadweep
Financial Services,29,15052.018496008179,2,2021,lakshadweep
Others,44,101366.40306045809,2,2021,lakshadweep
Peer-to-peer payments,5687,34142107.52016985,3,2021,lakshadweep
Recharge & bill payments,5153,1700287.4734963956,3,2021,lakshadweep
Merchant payments,2450,2750367.063028222,3,2021,lakshadweep
Financial Services,48,137227.35390598275,3,2021,lakshadweep
Others,32,73174.28816768769,3,2021,lakshadweep
Peer-to-peer payments,7154,44696668.86120766,4,2021,lakshadweep
Recharge & bill payments,5355,2093901.2918026838,4,2021,lakshadweep
Merchant payments,2872,4071239.087436496,4,2021,lakshadweep
Financial Services,27,19994.541946360278,4,2021,lakshadweep
Others,62,116381.74598782149,4,2021,lakshadweep
Peer-to-peer payments,7913,48590864.56835763,1,2022,lakshadweep
Recharge & bill payments,5334,2322580.1695599537,1,2022,lakshadweep
Merchant payments,3048,3838358.3586293925,1,2022,lakshadweep
Financial Services,39,38274.22628876488,1,2022,lakshadweep
Others,63,149355.3310943247,1,2022,lakshadweep
Peer-to-peer payments,8491,48451728.04746901,2,2022,lakshadweep
Recharge & bill payments,5366,2386144.714677198,2,2022,lakshadweep
Merchant payments,3602,4895657.060086848,2,2022,lakshadweep
Financial Services,59,87127.8249489804,2,2022,lakshadweep
Others,51,108944.34272364664,2,2022,lakshadweep
Peer-to-peer payments,7533,40029003.82575238,3,2022,lakshadweep
Recharge & bill payments,4441,1936538.3067545425,3,2022,lakshadweep
Merchant payments,3142,5469200.646094429,3,2022,lakshadweep
Financial Services,64,63629.88416689246,3,2022,lakshadweep
Others,61,81636.9547320153,3,2022,lakshadweep
Peer-to-peer payments,8686,47450386.0033243,4,2022,lakshadweep
Recharge & bill payments,4557,2024739.1542023947,4,2022,lakshadweep
Merchant payments,3819,5250991.002376802,4,2022,lakshadweep
Financial Services,35,26453.0247779254,4,2022,lakshadweep
Others,50,61304.43025482374,4,2022,lakshadweep
Recharge & bill payments,4404190,667057311.4560372,1,2018,madhya-pradesh
Peer-to-peer payments,2848290,7590790588.551904,1,2018,madhya-pradesh
Financial Services,230519,43374288.983730234,1,2018,madhya-pradesh
Merchant payments,196394,170119673.712754,1,2018,madhya-pradesh
Others,346002,210261540.7414958,1,2018,madhya-pradesh
Recharge & bill payments,5324535,1132090445.890336,2,2018,madhya-pradesh
Peer-to-peer payments,4269392,14155603482.49263,2,2018,madhya-pradesh
Merchant payments,397135,339308203.1707404,2,2018,madhya-pradesh
Financial Services,305553,53860331.80574275,2,2018,madhya-pradesh
Others,264797,243218603.3198562,2,2018,madhya-pradesh
Peer-to-peer payments,9988509,22057686208.544342,3,2018,madhya-pradesh
Recharge & bill payments,5733261,1367773856.675655,3,2018,madhya-pradesh
Merchant payments,784995,465390819.59013355,3,2018,madhya-pradesh
Financial Services,359440,46120458.63885435,3,2018,madhya-pradesh
Others,260780,212770861.2234169,3,2018,madhya-pradesh
Peer-to-peer payments,11456555,30897348664.90544,4,2018,madhya-pradesh
Recharge & bill payments,7273502,1669345516.941368,4,2018,madhya-pradesh
Merchant payments,2056426,1036249753.927803,4,2018,madhya-pradesh
Financial Services,313540,43367243.154430926,4,2018,madhya-pradesh
Others,297532,259296894.0382775,4,2018,madhya-pradesh
Peer-to-peer payments,23708825,44114206183.09186,1,2019,madhya-pradesh
Recharge & bill payments,9966905,2423593841.716142,1,2019,madhya-pradesh
Merchant payments,3018928,1263699222.350108,1,2019,madhya-pradesh
Financial Services,290838,28901169.29249904,1,2019,madhya-pradesh
Others,315553,239879105.5972368,1,2019,madhya-pradesh
Peer-to-peer payments,20868744,61758841793.87666,2,2019,madhya-pradesh
Recharge & bill payments,12044969,3571897178.303101,2,2019,madhya-pradesh
Merchant payments,7331352,2671155681.449155,2,2019,madhya-pradesh
Financial Services,149197,18869661.51348576,2,2019,madhya-pradesh
Others,451751,313802065.4154737,2,2019,madhya-pradesh
Peer-to-peer payments,22631038,67648107703.0357,3,2019,madhya-pradesh
Merchant payments,17163551,5147459307.101742,3,2019,madhya-pradesh
Recharge & bill payments,13156616,4576521609.4608345,3,2019,madhya-pradesh
Financial Services,192821,25654168.60092132,3,2019,madhya-pradesh
Others,466385,278578703.0441117,3,2019,madhya-pradesh
Peer-to-peer payments,32083162,92064471161.9892,4,2019,madhya-pradesh
Merchant payments,19447707,7304157801.612935,4,2019,madhya-pradesh
Recharge & bill payments,16081734,5104821720.999017,4,2019,madhya-pradesh
Financial Services,127116,24020060.93213319,4,2019,madhya-pradesh
Others,392270,190456045.32494444,4,2019,madhya-pradesh
Peer-to-peer payments,34540722,110325991607.3847,1,2020,madhya-pradesh
Merchant payments,24618074,9898242848.257929,1,2020,madhya-pradesh
Recharge & bill payments,19788516,6311610609.846225,1,2020,madhya-pradesh
Financial Services,68055,30645714.401902907,1,2020,madhya-pradesh
Others,351379,170790656.3033978,1,2020,madhya-pradesh
Peer-to-peer payments,34860958,128184693854.7977,2,2020,madhya-pradesh
Recharge & bill payments,27497528,8904067957.012121,2,2020,madhya-pradesh
Merchant payments,13685723,10666223053.63472,2,2020,madhya-pradesh
Financial Services,80988,62073621.44351514,2,2020,madhya-pradesh
Others,215376,104956802.1743797,2,2020,madhya-pradesh
Peer-to-peer payments,50871564,174978985034.2865,3,2020,madhya-pradesh
Merchant payments,31879804,20621273981.659657,3,2020,madhya-pradesh
Recharge & bill payments,25380467,9834190567.205517,3,2020,madhya-pradesh
Financial Services,131725,122971108.0706019,3,2020,madhya-pradesh
Others,316321,144259293.3158339,3,2020,madhya-pradesh
Peer-to-peer payments,67972167,235584201864.2234,4,2020,madhya-pradesh
Merchant payments,57707471,37315576877.14569,4,2020,madhya-pradesh
Recharge & bill payments,27335834,10977774483.32556,4,2020,madhya-pradesh
Financial Services,149532,132590450.0707424,4,2020,madhya-pradesh
Others,487537,264996097.6059612,4,2020,madhya-pradesh
Merchant payments,84812245,50098244499.506615,1,2021,madhya-pradesh
Peer-to-peer payments,84070625,279938170703.8171,1,2021,madhya-pradesh
Recharge & bill payments,32500681,13060914041.0394,1,2021,madhya-pradesh
Financial Services,169378,161838389.7954778,1,2021,madhya-pradesh
Others,445569,274786748.1299523,1,2021,madhya-pradesh
Peer-to-peer payments,99367521,348935762191.1048,2,2021,madhya-pradesh
Merchant payments,77113464,58839392449.9937,2,2021,madhya-pradesh
Recharge & bill payments,46118636,17230546398.84866,2,2021,madhya-pradesh
Financial Services,188726,177313389.66602692,2,2021,madhya-pradesh
Others,526333,317753606.0115695,2,2021,madhya-pradesh
Merchant payments,138433772,85885669792.43228,3,2021,madhya-pradesh
Peer-to-peer payments,127654821,398912712886.4574,3,2021,madhya-pradesh
Recharge & bill payments,44437315,19025346050.62772,3,2021,madhya-pradesh
Financial Services,174454,180366422.5824598,3,2021,madhya-pradesh
Others,742972,408508699.4365407,3,2021,madhya-pradesh
Merchant payments,197193842,126461098235.02321,4,2021,madhya-pradesh
Peer-to-peer payments,159649020,507118521843.3588,4,2021,madhya-pradesh
Recharge & bill payments,46220966,22492766779.15663,4,2021,madhya-pradesh
Financial Services,247925,246488171.3779264,4,2021,madhya-pradesh
Others,996331,568617375.5894115,4,2021,madhya-pradesh
Merchant payments,237691924,143310226696.7226,1,2022,madhya-pradesh
Peer-to-peer payments,185008444,578201697703.7521,1,2022,madhya-pradesh
Recharge & bill payments,48870314,25437774564.26215,1,2022,madhya-pradesh
Financial Services,222923,219927120.15944028,1,2022,madhya-pradesh
Others,909453,495513514.75128734,1,2022,madhya-pradesh
Merchant payments,287616385,174183397721.35928,2,2022,madhya-pradesh
Peer-to-peer payments,202093283,663180522499.3412,2,2022,madhya-pradesh
Recharge & bill payments,54318983,29125694281.81933,2,2022,madhya-pradesh
Financial Services,157672,153944499.7449031,2,2022,madhya-pradesh
Others,713506,381178326.3209058,2,2022,madhya-pradesh
Merchant payments,391105651,212445928287.3991,3,2022,madhya-pradesh
Peer-to-peer payments,267013695,780650402034.3962,3,2022,madhya-pradesh
Recharge & bill payments,72148870,39132574047.51802,3,2022,madhya-pradesh
Financial Services,240678,236981163.63162848,3,2022,madhya-pradesh
Others,750665,442608716.71893203,3,2022,madhya-pradesh
Merchant payments,492999084,272801597092.4764,4,2022,madhya-pradesh
Peer-to-peer payments,325467851,984255199293.6544,4,2022,madhya-pradesh
Recharge & bill payments,79289399,45143248068.817345,4,2022,madhya-pradesh
Financial Services,286931,278304972.6470296,4,2022,madhya-pradesh
Others,785003,521508120.7286146,4,2022,madhya-pradesh
Recharge & bill payments,9670237,2283567431.2235346,1,2018,maharashtra
Peer-to-peer payments,5227770,18283896464.7509,1,2018,maharashtra
Merchant payments,616779,576964070.7366859,1,2018,maharashtra
Financial Services,235051,60997258.06029972,1,2018,maharashtra
Others,637197,506188032.9539564,1,2018,maharashtra
Recharge & bill payments,12384216,3725800358.6814823,2,2018,maharashtra
Peer-to-peer payments,7772336,30782831245.6586,2,2018,maharashtra
Merchant payments,1306326,1226121649.498959,2,2018,maharashtra
Financial Services,262875,85545909.43528841,2,2018,maharashtra
Others,559987,536758077.84638786,2,2018,maharashtra
Recharge & bill payments,14371791,4547486090.186737,3,2018,maharashtra
Peer-to-peer payments,13470065,45466534003.980484,3,2018,maharashtra
Merchant payments,2797204,1702220875.434385,3,2018,maharashtra
Financial Services,234598,52348968.006728604,3,2018,maharashtra
Others,664880,492227795.6386977,3,2018,maharashtra
Peer-to-peer payments,20824667,68974011019.10294,4,2018,maharashtra
Recharge & bill payments,18071025,5860865070.470685,4,2018,maharashtra
Merchant payments,6047705,3985195742.248014,4,2018,maharashtra
Financial Services,325121,77345546.53012432,4,2018,maharashtra
Others,821705,621519669.4818641,4,2018,maharashtra
Peer-to-peer payments,37360716,97373087988.0887,1,2019,maharashtra
Recharge & bill payments,24540041,8256500586.651281,1,2019,maharashtra
Merchant payments,12069119,5172594695.5318,1,2019,maharashtra
Financial Services,287569,49487746.20873056,1,2019,maharashtra
Others,821624,569019903.8604957,1,2019,maharashtra
Peer-to-peer payments,42546317,130558153687.95421,2,2019,maharashtra
Recharge & bill payments,29395661,12197234771.43427,2,2019,maharashtra
Merchant payments,27854042,9728561726.767143,2,2019,maharashtra
Financial Services,182840,45291636.105074815,2,2019,maharashtra
Others,1170993,765228265.7976472,2,2019,maharashtra
Peer-to-peer payments,57991699,165731686168.55753,3,2019,maharashtra
Merchant payments,54683738,17545729507.39597,3,2019,maharashtra
Recharge & bill payments,34309301,15471698543.73959,3,2019,maharashtra
Financial Services,231467,54108447.39407451,3,2019,maharashtra
Others,1519376,814284077.8637519,3,2019,maharashtra
Merchant payments,80127804,27209874138.487553,4,2019,maharashtra
Peer-to-peer payments,78795871,227268054757.21692,4,2019,maharashtra
Recharge & bill payments,40705998,17794666215.04444,4,2019,maharashtra
Financial Services,129755,49622863.824426055,4,2019,maharashtra
Others,1501192,672210824.9770112,4,2019,maharashtra
Merchant payments,100337738,35200130304.82776,1,2020,maharashtra
Peer-to-peer payments,87067410,262541205695.8384,1,2020,maharashtra
Recharge & bill payments,50199498,21603565070.425602,1,2020,maharashtra
Financial Services,123476,91363684.1276232,1,2020,maharashtra
Others,1215959,558931962.876125,1,2020,maharashtra
Peer-to-peer payments,74295930,239933338682.6934,2,2020,maharashtra
Recharge & bill payments,60856480,23112343247.416138,2,2020,maharashtra
Merchant payments,48965388,32859184582.21904,2,2020,maharashtra
Financial Services,206461,211733275.7829895,2,2020,maharashtra
Others,466502,242917371.3033281,2,2020,maharashtra
Peer-to-peer payments,108436214,351555554813.2122,3,2020,maharashtra
Merchant payments,100808237,60171102123.94888,3,2020,maharashtra
Recharge & bill payments,58082283,27915727882.59293,3,2020,maharashtra
Financial Services,325453,333669599.6188361,3,2020,maharashtra
Others,658737,331024593.0721529,3,2020,maharashtra
Merchant payments,189845640,103804638603.7461,4,2020,maharashtra
Peer-to-peer payments,151741840,485747881733.82294,4,2020,maharashtra
Recharge & bill payments,64556682,31556917821.77767,4,2020,maharashtra
Financial Services,398409,418399992.53957707,4,2020,maharashtra
Others,1078433,627692680.4078207,4,2020,maharashtra
Merchant payments,253043309,129493046208.1572,1,2021,maharashtra
Peer-to-peer payments,187021609,599213284361.7993,1,2021,maharashtra
Recharge & bill payments,76389103,40057211827.159615,1,2021,maharashtra
Financial Services,439551,492900202.6831521,1,2021,maharashtra
Others,966668,630909553.4508264,1,2021,maharashtra
Merchant payments,247194293,150864465217.023,2,2021,maharashtra
Peer-to-peer payments,228551961,719859665693.5271,2,2021,maharashtra
Recharge & bill payments,96271138,43154405548.44597,2,2021,maharashtra
Financial Services,504252,536780917.03591573,2,2021,maharashtra
Others,1094842,699738247.6695637,2,2021,maharashtra
Merchant payments,390051884,216701984638.98932,3,2021,maharashtra
Peer-to-peer payments,296951706,890860873379.5576,3,2021,maharashtra
Recharge & bill payments,103943973,50242023586.05604,3,2021,maharashtra
Financial Services,448646,579098938.658318,3,2021,maharashtra
Others,1477851,873324624.1826177,3,2021,maharashtra
Merchant payments,540351277,305512280091.4157,4,2021,maharashtra
Peer-to-peer payments,361865450,1109862480618.222,4,2021,maharashtra
Recharge & bill payments,105990417,58087950922.43887,4,2021,maharashtra
Financial Services,606265,707102765.3058928,4,2021,maharashtra
Others,1918093,1188658731.117536,4,2021,maharashtra
Merchant payments,646277671,340240479374.3683,1,2022,maharashtra
Peer-to-peer payments,411989717,1274889182430.209,1,2022,maharashtra
Recharge & bill payments,108896881,64507860103.55089,1,2022,maharashtra
Financial Services,583243,677612619.2786882,1,2022,maharashtra
Others,1758926,1084139453.7274752,1,2022,maharashtra
Merchant payments,810961772,428469294407.1603,2,2022,maharashtra
Peer-to-peer payments,470258043,1501201968773.811,2,2022,maharashtra
Recharge & bill payments,124280427,75110969246.16316,2,2022,maharashtra
Financial Services,490152,559321829.4503716,2,2022,maharashtra
Others,1542719,930827919.3035389,2,2022,maharashtra
Merchant payments,876618082,432250721734.13074,3,2022,maharashtra
Peer-to-peer payments,483481713,1434565548650.913,3,2022,maharashtra
Recharge & bill payments,124545840,79360150487.36568,3,2022,maharashtra
Financial Services,521362,571583115.6687979,3,2022,maharashtra
Others,1222420,831183386.4681726,3,2022,maharashtra
Merchant payments,1025666187,502660888415.46185,4,2022,maharashtra
Peer-to-peer payments,535142126,1622619308526.9612,4,2022,maharashtra
Recharge & bill payments,126118544,83576414221.03232,4,2022,maharashtra
Financial Services,620124,699276779.1906543,4,2022,maharashtra
Others,1228291,914951674.4842073,4,2022,maharashtra
Recharge & bill payments,50212,6463184.554711691,1,2018,manipur
Peer-to-peer payments,26382,115495173.5579644,1,2018,manipur
Financial Services,2660,412579.53985461866,1,2018,manipur
Merchant payments,1614,3616475.6407912206,1,2018,manipur
Others,3201,2058760.6368871084,1,2018,manipur
Recharge & bill payments,77991,11541247.78442091,2,2018,manipur
Peer-to-peer payments,60365,232157389.79148027,2,2018,manipur
Financial Services,5992,1241901.2660397931,2,2018,manipur
Merchant payments,4041,5366759.827729835,2,2018,manipur
Others,3332,2902422.6498233806,2,2018,manipur
Peer-to-peer payments,95204,357768750.1845896,3,2018,manipur
Recharge & bill payments,81323,13912990.484925142,3,2018,manipur
Merchant payments,7396,9180953.977358334,3,2018,manipur
Financial Services,2577,333081.6368315,3,2018,manipur
Others,2758,2135468.510417797,3,2018,manipur
Recharge & bill payments,113507,18898063.28238317,4,2018,manipur
Peer-to-peer payments,104872,562009595.9601889,4,2018,manipur
Merchant payments,13333,20685433.284307167,4,2018,manipur
Financial Services,1452,307325.2437723951,4,2018,manipur
Others,2946,3783141.5353601985,4,2018,manipur
Peer-to-peer payments,127067,619919870.7455351,1,2019,manipur
Recharge & bill payments,120000,22106830.36914923,1,2019,manipur
Merchant payments,15190,14580183.380707521,1,2019,manipur
Financial Services,800,174777.17283837448,1,2019,manipur
Others,2352,3116398.755848917,1,2019,manipur
Peer-to-peer payments,120153,679785849.1398684,2,2019,manipur
Recharge & bill payments,116500,23573234.27306028,2,2019,manipur
Merchant payments,18044,15996651.145700552,2,2019,manipur
Financial Services,387,91955.01538259834,2,2019,manipur
Others,2341,3342252.5754885403,2,2019,manipur
Recharge & bill payments,180057,36634657.049143404,3,2019,manipur
Peer-to-peer payments,144965,803335616.6325191,3,2019,manipur
Merchant payments,17683,20490224.44304125,3,2019,manipur
Financial Services,358,367865.7884662621,3,2019,manipur
Others,1945,2723638.649764262,3,2019,manipur
Recharge & bill payments,212136,44202546.5739608,4,2019,manipur
Peer-to-peer payments,211927,1123258478.445069,4,2019,manipur
Merchant payments,23094,30486780.44638214,4,2019,manipur
Financial Services,548,240641.7657683481,4,2019,manipur
Others,1639,2709234.857456133,4,2019,manipur
Peer-to-peer payments,451733,2458093401.740467,1,2020,manipur
Recharge & bill payments,285234,62688260.37954809,1,2020,manipur
Merchant payments,78067,74202067.0664826,1,2020,manipur
Financial Services,622,354184.4660589617,1,2020,manipur
Others,3145,3252467.2243867153,1,2020,manipur
Peer-to-peer payments,533206,2980242535.0754433,2,2020,manipur
Recharge & bill payments,450830,107589094.2989046,2,2020,manipur
Merchant payments,92110,106540409.2988668,2,2020,manipur
Financial Services,1676,1457570.8004862315,2,2020,manipur
Others,5246,3106603.331810386,2,2020,manipur
Peer-to-peer payments,774786,4301284799.331292,3,2020,manipur
Recharge & bill payments,464659,113190539.1496906,3,2020,manipur
Merchant payments,170653,195132026.6311202,3,2020,manipur
Financial Services,1878,1593035.944066228,3,2020,manipur
Others,8192,4775719.8143366445,3,2020,manipur
Peer-to-peer payments,892853,5172499337.5304365,4,2020,manipur
Recharge & bill payments,436450,114202616.34869759,4,2020,manipur
Merchant payments,289050,307902115.3820773,4,2020,manipur
Financial Services,1806,2448402.9142817147,4,2020,manipur
Others,7693,5172086.283260544,4,2020,manipur
Peer-to-peer payments,1117829,6402367883.667422,1,2021,manipur
Recharge & bill payments,796590,223955812.5864439,1,2021,manipur
Merchant payments,377280,433297594.1352152,1,2021,manipur
Financial Services,3398,4385333.1754908115,1,2021,manipur
Others,8438,6280890.914669826,1,2021,manipur
Peer-to-peer payments,1372821,7041837917.785187,2,2021,manipur
Recharge & bill payments,1187952,305103750.5728581,2,2021,manipur
Merchant payments,510734,531484849.4914169,2,2021,manipur
Financial Services,4165,4256098.232237183,2,2021,manipur
Others,10603,7145346.314942012,2,2021,manipur
Peer-to-peer payments,1819423,9134806594.528189,3,2021,manipur
Recharge & bill payments,1368584,367664440.5323726,3,2021,manipur
Merchant payments,735707,889317377.086526,3,2021,manipur
Financial Services,3460,5625517.975461649,3,2021,manipur
Others,14222,9447098.78230339,3,2021,manipur
Peer-to-peer payments,2199970,10998828287.529041,4,2021,manipur
Recharge & bill payments,1451488,412791673.80376637,4,2021,manipur
Merchant payments,1013985,1229517397.456187,4,2021,manipur
Financial Services,4671,5941100.580610943,4,2021,manipur
Others,17325,11393578.84222715,4,2021,manipur
Peer-to-peer payments,2517626,12169368063.4095,1,2022,manipur
Recharge & bill payments,1528476,469035958.3484127,1,2022,manipur
Merchant payments,1247205,1489604137.209088,1,2022,manipur
Financial Services,4878,6057615.527015026,1,2022,manipur
Others,15494,10435303.87979853,1,2022,manipur
Peer-to-peer payments,2843426,12704512238.8096,2,2022,manipur
Merchant payments,1709547,1757831052.0706978,2,2022,manipur
Recharge & bill payments,1533778,448637966.718931,2,2022,manipur
Financial Services,4069,4753628.558008127,2,2022,manipur
Others,14812,7175748.992065379,2,2022,manipur
Peer-to-peer payments,3127266,12927705072.13747,3,2022,manipur
Merchant payments,1829741,2010460357.0881658,3,2022,manipur
Recharge & bill payments,1379911,432182393.8403873,3,2022,manipur
Financial Services,4524,4671353.405444902,3,2022,manipur
Others,11300,6411090.828254536,3,2022,manipur
Peer-to-peer payments,3259645,13133729481.472109,4,2022,manipur
Merchant payments,1828984,2074698993.4220653,4,2022,manipur
Recharge & bill payments,1325391,406031254.0798015,4,2022,manipur
Financial Services,4691,5754919.963910458,4,2022,manipur
Others,9959,5742049.403589871,4,2022,manipur
Recharge & bill payments,31857,6028476.149090356,1,2018,meghalaya
Peer-to-peer payments,13274,55943496.515886314,1,2018,meghalaya
Merchant payments,1605,2395888.4397623385,1,2018,meghalaya
Financial Services,532,144318.2545571151,1,2018,meghalaya
Others,2303,1738080.43060439,1,2018,meghalaya
Recharge & bill payments,42625,9657896.164724296,2,2018,meghalaya
Peer-to-peer payments,19894,101140464.66239841,2,2018,meghalaya
Merchant payments,2929,3663446.436220131,2,2018,meghalaya
Financial Services,592,580648.3434132106,2,2018,meghalaya
Others,1817,1962212.2350756058,2,2018,meghalaya
Recharge & bill payments,60625,14231601.45337125,3,2018,meghalaya
Peer-to-peer payments,40832,187460582.0575471,3,2018,meghalaya
Merchant payments,5802,5458930.689379572,3,2018,meghalaya
Financial Services,748,552674.5783359876,3,2018,meghalaya
Others,2283,2149872.755760235,3,2018,meghalaya
Recharge & bill payments,82962,18100891.63734417,4,2018,meghalaya
Peer-to-peer payments,58952,301941442.7059927,4,2018,meghalaya
Merchant payments,15768,14434314.19334248,4,2018,meghalaya
Financial Services,763,190875.18848979956,4,2018,meghalaya
Others,2687,2918155.2795046642,4,2018,meghalaya
Recharge & bill payments,98817,23006751.7955049,1,2019,meghalaya
Peer-to-peer payments,90694,358932132.1046898,1,2019,meghalaya
Merchant payments,16073,14297275.23052785,1,2019,meghalaya
Financial Services,659,62335.064750311045,1,2019,meghalaya
Others,2498,2738667.957962149,1,2019,meghalaya
Recharge & bill payments,108812,27248605.429233354,2,2019,meghalaya
Peer-to-peer payments,97407,446537199.1735683,2,2019,meghalaya
Merchant payments,22588,15600927.00662913,2,2019,meghalaya
Financial Services,460,106800.75308155928,2,2019,meghalaya
Others,3019,3437756.744766518,2,2019,meghalaya
Recharge & bill payments,155949,38916251.421657145,3,2019,meghalaya
Peer-to-peer payments,116168,546221812.6889315,3,2019,meghalaya
Merchant payments,31201,23461321.88981022,3,2019,meghalaya
Financial Services,421,584192.9488108774,3,2019,meghalaya
Others,2811,3035023.204323471,3,2019,meghalaya
Recharge & bill payments,175084,43611775.02621875,4,2019,meghalaya
Peer-to-peer payments,163734,670870023.4297696,4,2019,meghalaya
Merchant payments,24430,25344714.50557894,4,2019,meghalaya
Financial Services,382,124511.63613216748,4,2019,meghalaya
Others,2351,2485447.192519395,4,2019,meghalaya
Recharge & bill payments,226214,59666071.21530793,1,2020,meghalaya
Peer-to-peer payments,216022,1013733312.3935759,1,2020,meghalaya
Merchant payments,57245,44125206.34755945,1,2020,meghalaya
Financial Services,473,402779.89033132966,1,2020,meghalaya
Others,2329,2207471.061039081,1,2020,meghalaya
Recharge & bill payments,382662,100570200.2527169,2,2020,meghalaya
Peer-to-peer payments,202270,998750895.9111594,2,2020,meghalaya
Merchant payments,46014,48980521.41595118,2,2020,meghalaya
Financial Services,1186,2944583.114737345,2,2020,meghalaya
Others,3263,2488953.643832149,2,2020,meghalaya
Recharge & bill payments,342484,97662913.13408674,3,2020,meghalaya
Peer-to-peer payments,194448,1065012681.71261,3,2020,meghalaya
Merchant payments,55595,67511647.1349487,3,2020,meghalaya
Financial Services,1587,4049966.8133478058,3,2020,meghalaya
Others,3465,2821792.5880408054,3,2020,meghalaya
Recharge & bill payments,350006,102794647.7641504,4,2020,meghalaya
Peer-to-peer payments,286252,1579858348.067054,4,2020,meghalaya
Merchant payments,111471,115136797.58942299,4,2020,meghalaya
Financial Services,1809,2774557.112070617,4,2020,meghalaya
Others,4470,3678221.666272167,4,2020,meghalaya
Peer-to-peer payments,326993,1794745857.318895,1,2021,meghalaya
Recharge & bill payments,306634,106098525.6561472,1,2021,meghalaya
Merchant payments,108805,147747773.0189682,1,2021,meghalaya
Financial Services,1777,3981898.0457751974,1,2021,meghalaya
Others,3437,2941223.950049905,1,2021,meghalaya
Recharge & bill payments,389959,129031455.70772581,2,2021,meghalaya
Peer-to-peer payments,366411,1885041503.797046,2,2021,meghalaya
Merchant payments,147406,173894963.0043967,2,2021,meghalaya
Financial Services,1766,2306496.854595862,2,2021,meghalaya
Others,4052,3342835.5268340455,2,2021,meghalaya
Peer-to-peer payments,473274,2348008593.21644,3,2021,meghalaya
Recharge & bill payments,418429,144363692.7522,3,2021,meghalaya
Merchant payments,199427,270311210.89072233,3,2021,meghalaya
Financial Services,1556,2379067.1150075165,3,2021,meghalaya
Others,5045,3937887.553600684,3,2021,meghalaya
Peer-to-peer payments,669693,3233210261.728197,4,2021,meghalaya
Recharge & bill payments,447310,165277548.4594013,4,2021,meghalaya
Merchant payments,314445,442464385.0377933,4,2021,meghalaya
Financial Services,1989,2464327.9242311358,4,2021,meghalaya
Others,6756,5348877.036531466,4,2021,meghalaya
Peer-to-peer payments,801009,3899172008.7001147,1,2022,meghalaya
Recharge & bill payments,459530,192026788.60457042,1,2022,meghalaya
Merchant payments,405859,563004043.9315958,1,2022,meghalaya
Financial Services,2134,3019251.8598936894,1,2022,meghalaya
Others,6218,5116238.235718384,1,2022,meghalaya
Peer-to-peer payments,977816,4359000096.157877,2,2022,meghalaya
Merchant payments,591364,714995836.5962032,2,2022,meghalaya
Recharge & bill payments,467745,200896879.69103923,2,2022,meghalaya
Financial Services,1880,2406087.095158501,2,2022,meghalaya
Others,5844,4192522.344518611,2,2022,meghalaya
Peer-to-peer payments,2050942,7796315453.507147,3,2022,meghalaya
Merchant payments,1486098,1468318733.135396,3,2022,meghalaya
Recharge & bill payments,810017,330230375.9276109,3,2022,meghalaya
Financial Services,3504,3106775.3857113793,3,2022,meghalaya
Others,8604,5329459.165683068,3,2022,meghalaya
Peer-to-peer payments,1901671,7328913724.3339405,4,2022,meghalaya
Merchant payments,1334431,1381013596.832624,4,2022,meghalaya
Recharge & bill payments,685678,278377945.4316914,4,2022,meghalaya
Financial Services,3544,3564357.119764914,4,2022,meghalaya
Others,7124,4671532.630633753,4,2022,meghalaya
Recharge & bill payments,10155,2199565.258913744,1,2018,mizoram
Peer-to-peer payments,6845,41186717.27800166,1,2018,mizoram
Merchant payments,616,1066002.1670622267,1,2018,mizoram
Financial Services,260,65022.49896840689,1,2018,mizoram
Others,685,709912.772844791,1,2018,mizoram
Recharge & bill payments,13550,3107406.501616686,2,2018,mizoram
Peer-to-peer payments,11427,77040044.25291511,2,2018,mizoram
Merchant payments,1310,2368711.975892641,2,2018,mizoram
Financial Services,167,60939.77304627103,2,2018,mizoram
Others,597,931303.0542636234,2,2018,mizoram
Peer-to-peer payments,18564,108783543.9098094,3,2018,mizoram
Recharge & bill payments,17610,4050433.5962071815,3,2018,mizoram
Merchant payments,2310,2952533.8004545765,3,2018,mizoram
Financial Services,240,43891.23943201654,3,2018,mizoram
Others,592,770335.5794872268,3,2018,mizoram
Peer-to-peer payments,26212,177049162.13058332,4,2018,mizoram
Recharge & bill payments,24533,5523702.976434887,4,2018,mizoram
Merchant payments,3699,6911586.608122997,4,2018,mizoram
Financial Services,145,35654.18337878893,4,2018,mizoram
Others,653,906746.6310095722,4,2018,mizoram
Peer-to-peer payments,35126,204183867.4116538,1,2019,mizoram
Recharge & bill payments,30327,6760113.704148788,1,2019,mizoram
Merchant payments,3984,6470456.031897823,1,2019,mizoram
Financial Services,133,33512.39606736117,1,2019,mizoram
Others,736,712945.8536347556,1,2019,mizoram
Peer-to-peer payments,37364,233471780.00357,2,2019,mizoram
Recharge & bill payments,31903,7823562.397702506,2,2019,mizoram
Merchant payments,5646,5889316.861228463,2,2019,mizoram
Financial Services,80,14455.380988399309,2,2019,mizoram
Others,678,817593.4915248882,2,2019,mizoram
Recharge & bill payments,49073,12966806.696277108,3,2019,mizoram
Peer-to-peer payments,42645,257538220.2277506,3,2019,mizoram
Merchant payments,5560,7397529.021326996,3,2019,mizoram
Financial Services,94,72985.31151294889,3,2019,mizoram
Others,722,818358.6944744462,3,2019,mizoram
Recharge & bill payments,60511,16857122.3073061,4,2019,mizoram
Peer-to-peer payments,57109,341664291.49368536,4,2019,mizoram
Merchant payments,6939,9451111.139352825,4,2019,mizoram
Financial Services,100,20966.3333050078,4,2019,mizoram
Others,580,695859.360839114,4,2019,mizoram
Recharge & bill payments,85067,24356294.58523286,1,2020,mizoram
Peer-to-peer payments,57916,356260523.23262954,1,2020,mizoram
Merchant payments,9961,10404414.59250477,1,2020,mizoram
Financial Services,119,283854.3188381147,1,2020,mizoram
Others,546,772492.6204317764,1,2020,mizoram
Recharge & bill payments,127592,37504550.777320914,2,2020,mizoram
Peer-to-peer payments,60021,404110075.08639586,2,2020,mizoram
Merchant payments,10056,14627463.66427093,2,2020,mizoram
Financial Services,244,434960.2799078573,2,2020,mizoram
Others,549,516383.63442262856,2,2020,mizoram
Recharge & bill payments,132664,40941077.03285695,3,2020,mizoram
Peer-to-peer payments,99644,634560147.35069,3,2020,mizoram
Merchant payments,20934,30693648.23645142,3,2020,mizoram
Financial Services,535,824864.513127287,3,2020,mizoram
Others,926,924438.3714747172,3,2020,mizoram
Peer-to-peer payments,141038,887252744.0676681,4,2020,mizoram
Recharge & bill payments,140297,45386403.17281592,4,2020,mizoram
Merchant payments,39676,52094800.565094605,4,2020,mizoram
Financial Services,607,855201.5881157237,4,2020,mizoram
Others,989,932966.3002634952,4,2020,mizoram
Peer-to-peer payments,156386,982955112.1892779,1,2021,mizoram
Recharge & bill payments,128055,45558278.223239526,1,2021,mizoram
Merchant payments,43511,70289687.94622748,1,2021,mizoram
Financial Services,648,1330632.9787811027,1,2021,mizoram
Others,975,971875.6084117102,1,2021,mizoram
Peer-to-peer payments,173064,995581952.9034051,2,2021,mizoram
Recharge & bill payments,161763,56059844.23965932,2,2021,mizoram
Merchant payments,57877,69528721.40156102,2,2021,mizoram
Financial Services,611,710657.5065644829,2,2021,mizoram
Others,1025,993297.250902934,2,2021,mizoram
Peer-to-peer payments,224873,1290523196.259221,3,2021,mizoram
Recharge & bill payments,177281,67493206.62394348,3,2021,mizoram
Merchant payments,74553,113697005.8982099,3,2021,mizoram
Financial Services,522,806905.9729422838,3,2021,mizoram
Others,1300,1228335.4576346257,3,2021,mizoram
Peer-to-peer payments,272209,1545255603.41191,4,2021,mizoram
Recharge & bill payments,179405,67548806.84754582,4,2021,mizoram
Merchant payments,99265,154183940.7282649,4,2021,mizoram
Financial Services,695,2202285.707728365,4,2021,mizoram
Others,1755,1475104.827591939,4,2021,mizoram
Peer-to-peer payments,302740,1691281089.989316,1,2022,mizoram
Recharge & bill payments,190137,76541062.33691594,1,2022,mizoram
Merchant payments,109669,174157725.4146987,1,2022,mizoram
Financial Services,731,1657575.282816791,1,2022,mizoram
Others,1640,1521510.587498479,1,2022,mizoram
Peer-to-peer payments,332102,1739114390.301662,2,2022,mizoram
Recharge & bill payments,172281,70775723.34635986,2,2022,mizoram
Merchant payments,137279,191484723.7683956,2,2022,mizoram
Financial Services,656,801633.2114598342,2,2022,mizoram
Others,1659,1010096.4810587188,2,2022,mizoram
Peer-to-peer payments,349715,1665955694.984817,3,2022,mizoram
Recharge & bill payments,156874,68463689.80469276,3,2022,mizoram
Merchant payments,150320,209934220.2832684,3,2022,mizoram
Financial Services,802,880187.5512756812,3,2022,mizoram
Others,1327,1031819.4438998674,3,2022,mizoram
Peer-to-peer payments,378295,1750113148.3068101,4,2022,mizoram
Merchant payments,164389,222455759.17733783,4,2022,mizoram
Recharge & bill payments,148573,63477925.042983845,4,2022,mizoram
Financial Services,932,949850.198945797,4,2022,mizoram
Others,1585,914402.5369417528,4,2022,mizoram
Recharge & bill payments,28198,5361675.549623315,1,2018,nagaland
Peer-to-peer payments,11631,69830122.02063876,1,2018,nagaland
Merchant payments,822,1170667.4151649117,1,2018,nagaland
Financial Services,399,299016.7345620737,1,2018,nagaland
Others,1795,1344409.3661360394,1,2018,nagaland
Recharge & bill payments,41959,9139467.703980098,2,2018,nagaland
Peer-to-peer payments,20099,140193107.6968359,2,2018,nagaland
Merchant payments,1529,2293935.490835924,2,2018,nagaland
Financial Services,379,153458.5231626137,2,2018,nagaland
Others,1633,1545608.465487119,2,2018,nagaland
Recharge & bill payments,54885,12664922.72411738,3,2018,nagaland
Peer-to-peer payments,33930,223964723.15160477,3,2018,nagaland
Merchant payments,3518,3631042.2777308393,3,2018,nagaland
Financial Services,460,125171.61850935029,3,2018,nagaland
Others,1578,1406883.1646908007,3,2018,nagaland
Recharge & bill payments,72881,16615511.420430308,4,2018,nagaland
Peer-to-peer payments,53723,358926253.4309472,4,2018,nagaland
Merchant payments,10350,10500634.794542968,4,2018,nagaland
Financial Services,587,216127.40846239947,4,2018,nagaland
Others,1792,1754940.4912408509,4,2018,nagaland
Recharge & bill payments,87596,20020458.076388802,1,2019,nagaland
Peer-to-peer payments,71642,411855878.2498224,1,2019,nagaland
Merchant payments,7306,8187940.322092213,1,2019,nagaland
Financial Services,430,101072.89773317604,1,2019,nagaland
Others,1605,1776362.8662935253,1,2019,nagaland
Recharge & bill payments,92492,21350211.077814262,2,2019,nagaland
Peer-to-peer payments,81065,487705354.4657044,2,2019,nagaland
Merchant payments,12949,8990954.079767609,2,2019,nagaland
Financial Services,286,129758.00259777348,2,2019,nagaland
Others,1961,1890404.5326202572,2,2019,nagaland
Recharge & bill payments,145812,33293527.932100527,3,2019,nagaland
Peer-to-peer payments,100736,601803135.4703114,3,2019,nagaland
Merchant payments,13031,13381591.199777829,3,2019,nagaland
Financial Services,210,229319.84921986386,3,2019,nagaland
Others,2089,2248897.2620018576,3,2019,nagaland
Recharge & bill payments,172761,39720745.59767096,4,2019,nagaland
Peer-to-peer payments,128674,777298578.6127516,4,2019,nagaland
Merchant payments,13578,15460907.22890028,4,2019,nagaland
Financial Services,499,283291.7740842187,4,2019,nagaland
Others,1658,1773615.1353679793,4,2019,nagaland
Recharge & bill payments,221741,53662023.320165426,1,2020,nagaland
Peer-to-peer payments,135966,821508819.5893909,1,2020,nagaland
Merchant payments,18249,17663339.36989499,1,2020,nagaland
Financial Services,528,215066.78349539996,1,2020,nagaland
Others,1567,1730779.6714233835,1,2020,nagaland
Recharge & bill payments,328269,85264116.11779374,2,2020,nagaland
Peer-to-peer payments,166866,1025000209.957431,2,2020,nagaland
Merchant payments,20004,25214703.91023749,2,2020,nagaland
Financial Services,860,989239.9671938312,2,2020,nagaland
Others,1567,1206234.3951445608,2,2020,nagaland
Recharge & bill payments,347494,91214897.18744522,3,2020,nagaland
Peer-to-peer payments,330638,1851638119.5398219,3,2020,nagaland
Merchant payments,51912,62568884.132165715,3,2020,nagaland
Financial Services,2544,2136903.0242114514,3,2020,nagaland
Others,3731,2090339.2711506593,3,2020,nagaland
Peer-to-peer payments,417393,2563827858.048714,4,2020,nagaland
Recharge & bill payments,335297,91929581.87730268,4,2020,nagaland
Merchant payments,90496,113115660.1740555,4,2020,nagaland
Financial Services,1068,1017278.309874404,4,2020,nagaland
Others,3571,3194492.1527384534,4,2020,nagaland
Peer-to-peer payments,477346,2841021698.4844904,1,2021,nagaland
Recharge & bill payments,376473,110095189.5931618,1,2021,nagaland
Merchant payments,116846,151202427.14605328,1,2021,nagaland
Financial Services,1511,1929643.694251965,1,2021,nagaland
Others,3721,3201525.695241506,1,2021,nagaland
Peer-to-peer payments,526966,2847731457.571479,2,2021,nagaland
Recharge & bill payments,453979,126962524.74536932,2,2021,nagaland
Merchant payments,144413,176831583.13676438,2,2021,nagaland
Financial Services,1624,1785915.6371230448,2,2021,nagaland
Others,3809,2982482.691132756,2,2021,nagaland
Peer-to-peer payments,667633,3536780176.7792263,3,2021,nagaland
Recharge & bill payments,474693,141172028.2389747,3,2021,nagaland
Merchant payments,208387,304493279.8158357,3,2021,nagaland
Financial Services,1437,1634878.888862805,3,2021,nagaland
Others,4642,3336484.2825483214,3,2021,nagaland
Peer-to-peer payments,819452,4335295237.9809065,4,2021,nagaland
Recharge & bill payments,492411,154359432.07659012,4,2021,nagaland
Merchant payments,311673,442578210.0882374,4,2021,nagaland
Financial Services,1790,2263055.5218537706,4,2021,nagaland
Others,6157,4587848.468888722,4,2021,nagaland
Peer-to-peer payments,963378,4798355631.574022,1,2022,nagaland
Recharge & bill payments,529038,175942440.62210852,1,2022,nagaland
Merchant payments,425336,563650239.9471383,1,2022,nagaland
Financial Services,2022,2503998.824974763,1,2022,nagaland
Others,6178,4499397.927512417,1,2022,nagaland
Peer-to-peer payments,1032542,4933041257.229492,2,2022,nagaland
Merchant payments,513456,640665988.1540828,2,2022,nagaland
Recharge & bill payments,479322,162238616.41478142,2,2022,nagaland
Financial Services,1547,1519503.219426635,2,2022,nagaland
Others,4462,2819984.0024981033,2,2022,nagaland
Peer-to-peer payments,990896,4568905305.863961,3,2022,nagaland
Merchant payments,467257,642368278.6360128,3,2022,nagaland
Recharge & bill payments,430854,148324294.672107,3,2022,nagaland
Financial Services,1479,2345498.6025009975,3,2022,nagaland
Others,3627,2457117.2762476145,3,2022,nagaland
Peer-to-peer payments,1314122,5888068476.789,4,2022,nagaland
Merchant payments,647805,906834415.4525999,4,2022,nagaland
Recharge & bill payments,508230,170028535.796474,4,2022,nagaland
Financial Services,2104,1909585.0695077945,4,2022,nagaland
Others,3944,3125371.2064643847,4,2022,nagaland
Recharge & bill payments,2874109,331254466.1508661,1,2018,odisha
Peer-to-peer payments,2305610,4033548999.193231,1,2018,odisha
Financial Services,323352,58099674.94576137,1,2018,odisha
Merchant payments,129659,112301341.6661862,1,2018,odisha
Others,177091,92427728.93143727,1,2018,odisha
Peer-to-peer payments,3989202,7621288195.565702,2,2018,odisha
Recharge & bill payments,3307545,482823290.3527084,2,2018,odisha
Financial Services,472304,67829259.91787937,2,2018,odisha
Merchant payments,257628,213530873.3537121,2,2018,odisha
Others,131465,102838720.4296912,2,2018,odisha
Peer-to-peer payments,24472139,22029087498.56217,3,2018,odisha
Recharge & bill payments,3886392,605721781.5285043,3,2018,odisha
Financial Services,836547,97292154.49117659,3,2018,odisha
Merchant payments,729995,275532813.4193075,3,2018,odisha
Others,127082,86881527.58366849,3,2018,odisha
Peer-to-peer payments,12285028,21804268077.596012,4,2018,odisha
Recharge & bill payments,5142124,773017649.5916129,4,2018,odisha
Merchant payments,3061813,682181415.8729986,4,2018,odisha
Financial Services,495495,55534399.30905172,4,2018,odisha
Others,158338,114868029.19162309,4,2018,odisha
Peer-to-peer payments,24117274,33342321630.61351,1,2019,odisha
Recharge & bill payments,6713747,1120730273.3482149,1,2019,odisha
Merchant payments,2690762,821493664.580642,1,2019,odisha
Financial Services,375910,34542738.88908587,1,2019,odisha
Others,134249,108039623.2681906,1,2019,odisha
Peer-to-peer payments,16455353,41423292021.95663,2,2019,odisha
Recharge & bill payments,7845252,1506620072.662459,2,2019,odisha
Merchant payments,4827067,1664621261.260024,2,2019,odisha
Financial Services,202705,20424212.30787918,2,2019,odisha
Others,181647,139897303.4868461,2,2019,odisha
Peer-to-peer payments,18490877,51447586885.48035,3,2019,odisha
Merchant payments,13984738,3895753253.334454,3,2019,odisha
Recharge & bill payments,8565917,1806123698.460937,3,2019,odisha
Financial Services,195034,31079934.75864201,3,2019,odisha
Others,185706,124033587.18883921,3,2019,odisha
Peer-to-peer payments,43284477,72966050937.29504,4,2019,odisha
Recharge & bill payments,10629461,2290841668.304525,4,2019,odisha
Merchant payments,10601703,4395710870.154251,4,2019,odisha
Financial Services,323887,38782542.045898676,4,2019,odisha
Others,156105,77987614.2508337,4,2019,odisha
Peer-to-peer payments,27110930,82863844732.4941,1,2020,odisha
Merchant payments,13269709,5738217250.06257,1,2020,odisha
Recharge & bill payments,13083524,3253609732.899296,1,2020,odisha
Financial Services,84037,27641460.905009564,1,2020,odisha
Others,134107,73485022.97217913,1,2020,odisha
Peer-to-peer payments,24520938,80990080777.89252,2,2020,odisha
Recharge & bill payments,17040333,4551061364.3448105,2,2020,odisha
Merchant payments,8313965,6092753944.948116,2,2020,odisha
Financial Services,66787,50322080.33851249,2,2020,odisha
Others,86553,48818444.57258892,2,2020,odisha
Peer-to-peer payments,34182172,107064668710.39911,3,2020,odisha
Recharge & bill payments,17126851,5015719823.514479,3,2020,odisha
Merchant payments,14519265,10242496366.43638,3,2020,odisha
Financial Services,90736,84971747.75755267,3,2020,odisha
Others,114805,56087156.18513397,3,2020,odisha
Peer-to-peer payments,47588728,153208735347.1269,4,2020,odisha
Merchant payments,27124765,19347472702.80409,4,2020,odisha
Recharge & bill payments,17318073,5532179002.0027895,4,2020,odisha
Financial Services,106189,104419909.66526452,4,2020,odisha
Others,187195,109856053.018205,4,2020,odisha
Peer-to-peer payments,54417515,181450436291.91052,1,2021,odisha
Merchant payments,38180718,25201936762.20583,1,2021,odisha
Recharge & bill payments,18633830,6552605937.545544,1,2021,odisha
Financial Services,87263,95064023.94844367,1,2021,odisha
Others,141032,97693172.7305285,1,2021,odisha
Peer-to-peer payments,66929109,208405882369.05438,2,2021,odisha
Merchant payments,39402607,29208847674.89984,2,2021,odisha
Recharge & bill payments,25183699,8024323050.14009,2,2021,odisha
Financial Services,102474,102761986.97553991,2,2021,odisha
Others,206448,122302396.20450991,2,2021,odisha
Peer-to-peer payments,85728576,251150860524.2256,3,2021,odisha
Merchant payments,64268830,43316348173.18004,3,2021,odisha
Recharge & bill payments,26943670,9025674783.4042,3,2021,odisha
Financial Services,97213,112383446.87807691,3,2021,odisha
Others,324385,175452005.353413,3,2021,odisha
Peer-to-peer payments,107560893,310704112799.8908,4,2021,odisha
Merchant payments,99512650,63383870318.301796,4,2021,odisha
Recharge & bill payments,26302130,10728834440.69789,4,2021,odisha
Financial Services,133004,147526652.49426863,4,2021,odisha
Others,416689,286705478.53455377,4,2021,odisha
Peer-to-peer payments,118999900,364447461107.4862,1,2022,odisha
Merchant payments,118108271,74302051597.7621,1,2022,odisha
Recharge & bill payments,26083549,12133153536.7818,1,2022,odisha
Financial Services,102802,118946014.37332991,1,2022,odisha
Others,338977,225699523.4203592,1,2022,odisha
Merchant payments,148544714,90369380298.62819,2,2022,odisha
Peer-to-peer payments,134717859,405793657448.26886,2,2022,odisha
Recharge & bill payments,29843263,13602640170.909231,2,2022,odisha
Financial Services,88649,95050158.46585183,2,2022,odisha
Others,257113,174284263.755097,2,2022,odisha
Merchant payments,188143417,102889591517.7743,3,2022,odisha
Peer-to-peer payments,161912635,444439407187.0311,3,2022,odisha
Recharge & bill payments,36270166,16916650473.3639,3,2022,odisha
Financial Services,113961,114005498.9846147,3,2022,odisha
Others,247147,185902663.39600113,3,2022,odisha
Merchant payments,222167575,121470843740.3327,4,2022,odisha
Peer-to-peer payments,186438654,512124643103.0661,4,2022,odisha
Recharge & bill payments,36735289,18266150373.351482,4,2022,odisha
Financial Services,132033,149681749.3076731,4,2022,odisha
Others,241192,205745557.94232672,4,2022,odisha
Recharge & bill payments,53125,9704752.648983236,1,2018,puducherry
Peer-to-peer payments,40303,147834476.1625061,1,2018,puducherry
Merchant payments,4163,4427034.0315394765,1,2018,puducherry
Financial Services,2086,565799.4553442572,1,2018,puducherry
Others,4535,3293909.0714630377,1,2018,puducherry
Recharge & bill payments,59867,14607336.89573175,2,2018,puducherry
Peer-to-peer payments,57751,261299695.1891191,2,2018,puducherry
Merchant payments,6904,6103101.528770715,2,2018,puducherry
Financial Services,2105,822585.95719087,2,2018,puducherry
Others,3634,2968399.9616244407,2,2018,puducherry
Peer-to-peer payments,101817,378368361.3617149,3,2018,puducherry
Recharge & bill payments,67909,19654338.11444956,3,2018,puducherry
Merchant payments,14384,16102024.275992202,3,2018,puducherry
Financial Services,1766,395306.6421075966,3,2018,puducherry
Others,4395,3138045.0999426576,3,2018,puducherry
Peer-to-peer payments,173170,569825171.3369759,4,2018,puducherry
Recharge & bill payments,95788,25159891.515702084,4,2018,puducherry
Merchant payments,29470,25999609.758757297,4,2018,puducherry
Financial Services,3490,689170.0726864681,4,2018,puducherry
Others,6046,4017822.739373042,4,2018,puducherry
Peer-to-peer payments,313822,835983054.254643,1,2019,puducherry
Recharge & bill payments,124092,32635247.52315308,1,2019,puducherry
Merchant payments,54518,33763704.68083725,1,2019,puducherry
Financial Services,3165,337570.322842385,1,2019,puducherry
Others,5495,3753447.525046112,1,2019,puducherry
Peer-to-peer payments,331248,1109343371.746654,2,2019,puducherry
Recharge & bill payments,147585,46876569.36325147,2,2019,puducherry
Merchant payments,92941,49963601.61554676,2,2019,puducherry
Financial Services,1524,469351.5481967761,2,2019,puducherry
Others,6779,4794015.854158426,2,2019,puducherry
Peer-to-peer payments,394866,1316118199.672093,3,2019,puducherry
Recharge & bill payments,158483,57003044.29549825,3,2019,puducherry
Merchant payments,156137,82601335.47825414,3,2019,puducherry
Financial Services,1090,528680.8975952889,3,2019,puducherry
Others,6250,4457097.111970215,3,2019,puducherry
Peer-to-peer payments,559670,1725523873.4421022,4,2019,puducherry
Merchant payments,249621,128039884.3866742,4,2019,puducherry
Recharge & bill payments,195707,74383571.67593375,4,2019,puducherry
Financial Services,1481,391196.1284481905,4,2019,puducherry
Others,6176,3689792.245744483,4,2019,puducherry
Peer-to-peer payments,600290,1919499665.883474,1,2020,puducherry
Merchant payments,349788,184925417.68654612,1,2020,puducherry
Recharge & bill payments,251115,96515615.43520354,1,2020,puducherry
Financial Services,1527,858236.5498234634,1,2020,puducherry
Others,5201,3478541.524535387,1,2020,puducherry
Peer-to-peer payments,468789,1680190117.583074,2,2020,puducherry
Recharge & bill payments,310746,115223074.03158061,2,2020,puducherry
Merchant payments,249951,160931601.2816711,2,2020,puducherry
Financial Services,1555,2339469.003658029,2,2020,puducherry
Others,2342,1346718.5876069884,2,2020,puducherry
Peer-to-peer payments,855511,3116583524.659765,3,2020,puducherry
Merchant payments,560420,335583369.65612596,3,2020,puducherry
Recharge & bill payments,306852,138925436.52727452,3,2020,puducherry
Financial Services,3039,4788490.3633705,3,2020,puducherry
Others,5080,2199408.2280669413,3,2020,puducherry
Peer-to-peer payments,1211359,4090057482.981204,4,2020,puducherry
Merchant payments,1108292,647985607.5763036,4,2020,puducherry
Recharge & bill payments,383707,184037245.74375978,4,2020,puducherry
Financial Services,3783,3888988.236763457,4,2020,puducherry
Others,8862,4556893.133174548,4,2020,puducherry
Peer-to-peer payments,1406958,4798646712.501944,1,2021,puducherry
Merchant payments,1385444,857787315.6292762,1,2021,puducherry
Recharge & bill payments,504499,231829246.92353854,1,2021,puducherry
Financial Services,5073,5953397.434996936,1,2021,puducherry
Others,7458,5092899.253895952,1,2021,puducherry
Peer-to-peer payments,1581221,5266478797.142262,2,2021,puducherry
Merchant payments,1437110,932602617.3169693,2,2021,puducherry
Recharge & bill payments,719252,289799593.1571478,2,2021,puducherry
Financial Services,4851,4980243.907969391,2,2021,puducherry
Others,8953,4973445.019544071,2,2021,puducherry
Merchant payments,2273996,1443176801.0606492,3,2021,puducherry
Peer-to-peer payments,2089199,6918396493.778431,3,2021,puducherry
Recharge & bill payments,741388,356068931.7441095,3,2021,puducherry
Financial Services,4733,5523949.081350253,3,2021,puducherry
Others,12410,6808255.349929206,3,2021,puducherry
Merchant payments,3052713,1864951565.928207,4,2021,puducherry
Peer-to-peer payments,2530821,8113722339.447033,4,2021,puducherry
Recharge & bill payments,762641,428453211.3120815,4,2021,puducherry
Financial Services,5995,7655925.10855468,4,2021,puducherry
Others,16640,8868759.43463589,4,2021,puducherry
Merchant payments,3723135,2199614586.4039083,1,2022,puducherry
Peer-to-peer payments,2901199,9407577501.769794,1,2022,puducherry
Recharge & bill payments,715338,460522863.7855054,1,2022,puducherry
Financial Services,6203,8184455.912082582,1,2022,puducherry
Others,13301,7575497.515363299,1,2022,puducherry
Merchant payments,4613049,2693234774.557475,2,2022,puducherry
Peer-to-peer payments,3242208,10537267921.616041,2,2022,puducherry
Recharge & bill payments,773154,535604974.5762176,2,2022,puducherry
Financial Services,4914,6556452.522381971,2,2022,puducherry
Others,10362,6081132.496780836,2,2022,puducherry
Merchant payments,3992974,2322908508.783519,3,2022,puducherry
Peer-to-peer payments,2474932,8058325855.623237,3,2022,puducherry
Recharge & bill payments,564285,463054690.5826355,3,2022,puducherry
Financial Services,4621,5514275.578545391,3,2022,puducherry
Others,5915,4514380.573011656,3,2022,puducherry
Merchant payments,4464977,2534351530.8368387,4,2022,puducherry
Peer-to-peer payments,2547018,8141612224.03406,4,2022,puducherry
Recharge & bill payments,531963,453692483.7752487,4,2022,puducherry
Financial Services,6073,7875178.045195433,4,2022,puducherry
Others,6096,4673460.483150147,4,2022,puducherry
Recharge & bill payments,946338,196018621.3585148,1,2018,punjab
Peer-to-peer payments,690684,2412434633.541393,1,2018,punjab
Merchant payments,87477,83873893.96204324,1,2018,punjab
Financial Services,60688,11162488.4232364,1,2018,punjab
Others,85246,77268587.56920797,1,2018,punjab
Recharge & bill payments,1262450,395417027.849745,2,2018,punjab
Peer-to-peer payments,1017159,4036457553.7177467,2,2018,punjab
Merchant payments,147667,159406610.2632674,2,2018,punjab
Financial Services,82256,17719391.41125809,2,2018,punjab
Others,71631,75671628.7650177,2,2018,punjab
Peer-to-peer payments,1684209,6173898400.559117,3,2018,punjab
Recharge & bill payments,1381730,622737633.7524918,3,2018,punjab
Merchant payments,274458,194883994.5757108,3,2018,punjab
Financial Services,54285,9429174.53468925,3,2018,punjab
Others,67426,64737840.399184644,3,2018,punjab
Peer-to-peer payments,2269375,9404088424.489891,4,2018,punjab
Recharge & bill payments,1817964,825449591.2410309,4,2018,punjab
Merchant payments,648096,455091549.5918779,4,2018,punjab
Financial Services,62453,11832962.87548231,4,2018,punjab
Others,89249,85520045.45150709,4,2018,punjab
Peer-to-peer payments,4026294,12027441595.71279,1,2019,punjab
Recharge & bill payments,2304690,986004867.8072443,1,2019,punjab
Merchant payments,711152,478382600.61751896,1,2019,punjab
Financial Services,45621,6871295.954710579,1,2019,punjab
Others,84380,75789641.76089522,1,2019,punjab
Peer-to-peer payments,4140474,16258891447.3214,2,2019,punjab
Recharge & bill payments,2815047,1440058991.4565232,2,2019,punjab
Merchant payments,1407963,815090878.0150015,2,2019,punjab
Financial Services,37435,6876144.454559349,2,2019,punjab
Others,108911,93875933.52482703,2,2019,punjab
Peer-to-peer payments,4726946,19146726286.636032,3,2019,punjab
Recharge & bill payments,3455594,2481094964.917083,3,2019,punjab
Merchant payments,2374014,1183743251.27342,3,2019,punjab
Financial Services,32359,7912219.734296376,3,2019,punjab
Others,117899,86338883.28250343,3,2019,punjab
Peer-to-peer payments,6386367,25564144629.75061,4,2019,punjab
Recharge & bill payments,4068332,2622222199.1884556,4,2019,punjab
Merchant payments,3122413,1741259163.367732,4,2019,punjab
Financial Services,22956,6382345.429778575,4,2019,punjab
Others,98557,55793908.455870144,4,2019,punjab
Peer-to-peer payments,6339183,26350005915.230072,1,2020,punjab
Recharge & bill payments,4935115,2767419472.650516,1,2020,punjab
Merchant payments,3838480,2196329615.39492,1,2020,punjab
Financial Services,17924,10987850.95599617,1,2020,punjab
Others,87082,49442411.66816185,1,2020,punjab
Recharge & bill payments,6064807,3089758241.128196,2,2020,punjab
Peer-to-peer payments,5639212,25074384847.498463,2,2020,punjab
Merchant payments,2290868,2058898904.36134,2,2020,punjab
Financial Services,23314,23704957.876037344,2,2020,punjab
Others,63093,37907301.34960769,2,2020,punjab
Peer-to-peer payments,7354451,32477438924.47649,3,2020,punjab
Recharge & bill payments,5478668,4066750820.640774,3,2020,punjab
Merchant payments,4261548,3490665357.2910867,3,2020,punjab
Financial Services,32390,42060249.32847581,3,2020,punjab
Others,82516,46176796.07655343,3,2020,punjab
Peer-to-peer payments,9609405,43286909256.833916,4,2020,punjab
Merchant payments,7144295,6142380827.109474,4,2020,punjab
Recharge & bill payments,6072201,4201551869.9511175,4,2020,punjab
Financial Services,38820,51677182.31632738,4,2020,punjab
Others,133204,92887343.34418695,4,2020,punjab
Peer-to-peer payments,10951083,46908632143.31532,1,2021,punjab
Merchant payments,9333364,7651004598.907397,1,2021,punjab
Recharge & bill payments,6332928,3980874403.276021,1,2021,punjab
Financial Services,43094,52009482.41407213,1,2021,punjab
Others,110366,98366463.19387977,1,2021,punjab
Peer-to-peer payments,13180933,55282486111.30394,2,2021,punjab
Merchant payments,11225598,9710508482.436422,2,2021,punjab
Recharge & bill payments,7591039,4370756868.518326,2,2021,punjab
Financial Services,46218,53309051.06501615,2,2021,punjab
Others,127460,113998049.291479,2,2021,punjab
Peer-to-peer payments,17024782,66149902036.35882,3,2021,punjab
Merchant payments,16837685,14103740968.54357,3,2021,punjab
Recharge & bill payments,8465739,5540272095.274853,3,2021,punjab
Financial Services,43789,63576666.59092563,3,2021,punjab
Others,161494,135069073.84402022,3,2021,punjab
Merchant payments,22669743,20753662875.54652,4,2021,punjab
Peer-to-peer payments,20663881,83611403637.31993,4,2021,punjab
Recharge & bill payments,8765579,6107473171.935022,4,2021,punjab
Financial Services,58581,86356456.60324253,4,2021,punjab
Others,201576,151230100.5948589,4,2021,punjab
Merchant payments,25979197,23217511696.82307,1,2022,punjab
Peer-to-peer payments,22354946,88645204328.52362,1,2022,punjab
Recharge & bill payments,9188439,6317909908.645241,1,2022,punjab
Financial Services,57561,83933665.00820544,1,2022,punjab
Others,178159,125418506.96271199,1,2022,punjab
Merchant payments,35941880,28585688543.687042,2,2022,punjab
Peer-to-peer payments,25952349,100938068541.26059,2,2022,punjab
Recharge & bill payments,10161030,7652499714.013335,2,2022,punjab
Financial Services,50483,57234782.46271806,2,2022,punjab
Others,167081,111934787.80332899,2,2022,punjab
Merchant payments,43089589,32370885165.312702,3,2022,punjab
Peer-to-peer payments,29862592,107653378074.8723,3,2022,punjab
Recharge & bill payments,11017816,9119649328.792372,3,2022,punjab
Financial Services,57979,68249938.53956848,3,2022,punjab
Others,149921,107280498.83777891,3,2022,punjab
Merchant payments,48358802,38162493193.40967,4,2022,punjab
Peer-to-peer payments,32377106,120512767954.9937,4,2022,punjab
Recharge & bill payments,10895208,9248445985.684328,4,2022,punjab
Financial Services,62809,72160390.22791913,4,2022,punjab
Others,141255,111559653.6233382,4,2022,punjab
Recharge & bill payments,4305940,868358581.1737025,1,2018,rajasthan
Peer-to-peer payments,2540658,7547652852.662634,1,2018,rajasthan
Financial Services,202537,37125466.49571308,1,2018,rajasthan
Merchant payments,184127,201212697.26059392,1,2018,rajasthan
Others,358428,271943533.1341365,1,2018,rajasthan
Recharge & bill payments,5288093,1511007056.1054273,2,2018,rajasthan
Peer-to-peer payments,3770555,13341587602.42217,2,2018,rajasthan
Merchant payments,345752,342809667.5935513,2,2018,rajasthan
Financial Services,279471,52145152.939022884,2,2018,rajasthan
Others,289826,311536696.6979239,2,2018,rajasthan
Peer-to-peer payments,7120792,21010614922.14291,3,2018,rajasthan
Recharge & bill payments,5894660,2252031409.9399676,3,2018,rajasthan
Merchant payments,711240,445504998.00142676,3,2018,rajasthan
Financial Services,230083,30185982.18078412,3,2018,rajasthan
Others,300323,302431358.9473551,3,2018,rajasthan
Peer-to-peer payments,10752729,33578327037.682453,4,2018,rajasthan
Recharge & bill payments,7557003,2743591538.832071,4,2018,rajasthan
Merchant payments,1985927,1172254323.973145,4,2018,rajasthan
Financial Services,311632,40412563.01456267,4,2018,rajasthan
Others,352432,374501619.8364362,4,2018,rajasthan
Peer-to-peer payments,27621606,55246071722.22856,1,2019,rajasthan
Recharge & bill payments,11650961,3821181816.620469,1,2019,rajasthan
Merchant payments,3921438,1664209334.568116,1,2019,rajasthan
Financial Services,359993,36340412.57538466,1,2019,rajasthan
Others,402042,373355289.5614773,1,2019,rajasthan
Peer-to-peer payments,25257679,79466464089.34059,2,2019,rajasthan
Recharge & bill payments,14968290,5709279550.854211,2,2019,rajasthan
Merchant payments,9026751,3435472167.201069,2,2019,rajasthan
Financial Services,182685,34134486.762421735,2,2019,rajasthan
Others,573881,461962878.5071422,2,2019,rajasthan
Peer-to-peer payments,29885618,97443950786.5758,3,2019,rajasthan
Merchant payments,19646612,6705923742.563935,3,2019,rajasthan
Recharge & bill payments,16970783,7872719571.602099,3,2019,rajasthan
Financial Services,217029,37899900.33366185,3,2019,rajasthan
Others,583575,407796030.8547787,3,2019,rajasthan
Peer-to-peer payments,43354317,140449134717.29102,4,2019,rajasthan
Recharge & bill payments,20604852,9028860435.054995,4,2019,rajasthan
Merchant payments,20544791,9721826538.354998,4,2019,rajasthan
Financial Services,101805,25014672.384446934,4,2019,rajasthan
Others,468477,227573686.58499062,4,2019,rajasthan
Peer-to-peer payments,48269912,165468574323.8896,1,2020,rajasthan
Merchant payments,27880848,13643061482.35596,1,2020,rajasthan
Recharge & bill payments,25631131,10961167179.813341,1,2020,rajasthan
Financial Services,72604,34466606.25327997,1,2020,rajasthan
Others,404317,200968968.69581178,1,2020,rajasthan
Peer-to-peer payments,49160792,166176386876.3004,2,2020,rajasthan
Recharge & bill payments,31681776,13014051935.53691,2,2020,rajasthan
Merchant payments,20756594,14354151782.392641,2,2020,rajasthan
Financial Services,92875,76662259.20544848,2,2020,rajasthan
Others,262619,142020149.829893,2,2020,rajasthan
Peer-to-peer payments,73247856,249006720239.33432,3,2020,rajasthan
Merchant payments,45149210,27714680562.343933,3,2020,rajasthan
Recharge & bill payments,30148875,16650017440.553331,3,2020,rajasthan
Financial Services,146383,113675141.51464571,3,2020,rajasthan
Others,396352,193212778.71178642,3,2020,rajasthan
Peer-to-peer payments,88730951,321280847680.9502,4,2020,rajasthan
Merchant payments,67367264,46142484518.08269,4,2020,rajasthan
Recharge & bill payments,33455755,18123908525.970142,4,2020,rajasthan
Financial Services,169294,136058685.852993,4,2020,rajasthan
Others,560171,351480425.6482615,4,2020,rajasthan
Peer-to-peer payments,116733195,408190388154.2274,1,2021,rajasthan
Merchant payments,96394132,61936457709.223076,1,2021,rajasthan
Recharge & bill payments,38919519,20855464604.34405,1,2021,rajasthan
Financial Services,192936,162581466.9330898,1,2021,rajasthan
Others,491137,347689722.9177618,1,2021,rajasthan
Peer-to-peer payments,139277445,467784146764.7472,2,2021,rajasthan
Merchant payments,97860493,69922875807.46701,2,2021,rajasthan
Recharge & bill payments,49501703,23387103755.81971,2,2021,rajasthan
Financial Services,216441,186606893.61035588,2,2021,rajasthan
Others,620957,422031947.60023904,2,2021,rajasthan
Peer-to-peer payments,181742972,575912799217.8965,3,2021,rajasthan
Merchant payments,167819345,105548321875.0588,3,2021,rajasthan
Recharge & bill payments,49709657,28335516739.417713,3,2021,rajasthan
Financial Services,197211,190362135.86135092,3,2021,rajasthan
Others,815568,524328574.25040925,3,2021,rajasthan
Merchant payments,221774624,151967969235.0213,4,2021,rajasthan
Peer-to-peer payments,212937264,718215327365.9165,4,2021,rajasthan
Recharge & bill payments,51610607,32831163302.92643,4,2021,rajasthan
Financial Services,265091,263180819.6932125,4,2021,rajasthan
Others,1034011,656777820.7586894,4,2021,rajasthan
Merchant payments,267467038,171182113048.2631,1,2022,rajasthan
Peer-to-peer payments,241739380,814525435614.1677,1,2022,rajasthan
Recharge & bill payments,54555117,35542881861.07577,1,2022,rajasthan
Financial Services,244029,243340851.7120462,1,2022,rajasthan
Others,956656,556409604.9103613,1,2022,rajasthan
Merchant payments,336900860,208238945148.44,2,2022,rajasthan
Peer-to-peer payments,263380560,905641041298.7231,2,2022,rajasthan
Recharge & bill payments,59879660,38325678033.564705,2,2022,rajasthan
Financial Services,170705,175399371.377488,2,2022,rajasthan
Others,838365,452454748.28668594,2,2022,rajasthan
Merchant payments,398104319,230609701751.02283,3,2022,rajasthan
Peer-to-peer payments,299383118,961209376585.562,3,2022,rajasthan
Recharge & bill payments,69118763,46000391408.24405,3,2022,rajasthan
Financial Services,215235,220271929.8423399,3,2022,rajasthan
Others,719925,449514643.60550064,3,2022,rajasthan
Merchant payments,457778005,275194969877.524,4,2022,rajasthan
Peer-to-peer payments,334316758,1130380720682.52,4,2022,rajasthan
Recharge & bill payments,72510470,50609988781.94313,4,2022,rajasthan
Financial Services,244442,270658680.979249,4,2022,rajasthan
Others,725173,500361375.69058275,4,2022,rajasthan
Recharge & bill payments,26965,4823943.542263939,1,2018,sikkim
Peer-to-peer payments,13559,56334584.632872,1,2018,sikkim
Merchant payments,1349,1677583.1440411464,1,2018,sikkim
Financial Services,608,86906.81958101383,1,2018,sikkim
Others,1597,1727920.8016103164,1,2018,sikkim
Recharge & bill payments,45435,9465769.856051585,2,2018,sikkim
Peer-to-peer payments,24237,127051984.38798411,2,2018,sikkim
Merchant payments,2556,4713227.148135973,2,2018,sikkim
Financial Services,562,218130.12995975127,2,2018,sikkim
Others,1788,2243974.0076642134,2,2018,sikkim
Recharge & bill payments,58421,12221506.18938216,3,2018,sikkim
Peer-to-peer payments,43195,215547415.4557628,3,2018,sikkim
Merchant payments,4521,5322296.747954514,3,2018,sikkim
Financial Services,562,261766.8021705601,3,2018,sikkim
Others,1801,1727241.758047811,3,2018,sikkim
Recharge & bill payments,79232,16713780.62811737,4,2018,sikkim
Peer-to-peer payments,65451,351253329.7420565,4,2018,sikkim
Merchant payments,7452,12637809.23946042,4,2018,sikkim
Financial Services,717,596472.7145790398,4,2018,sikkim
Others,1681,1939965.7540404093,4,2018,sikkim
Peer-to-peer payments,121984,422987999.89472663,1,2019,sikkim
Recharge & bill payments,96878,20711589.874598,1,2019,sikkim
Merchant payments,18346,11837344.84684756,1,2019,sikkim
Financial Services,1225,191594.23340424805,1,2019,sikkim
Others,1854,2265105.53451732,1,2019,sikkim
Peer-to-peer payments,172125,674044301.8399961,2,2019,sikkim
Recharge & bill payments,142582,32535297.489453893,2,2019,sikkim
Merchant payments,66722,28248001.02647286,2,2019,sikkim
Financial Services,2294,310197.54774877685,2,2019,sikkim
Others,4521,3756445.53226958,2,2019,sikkim
Peer-to-peer payments,203052,794235862.6317358,3,2019,sikkim
Merchant payments,188753,52337322.5262961,3,2019,sikkim
Recharge & bill payments,156125,33922224.892257094,3,2019,sikkim
Financial Services,288,548142.8999844441,3,2019,sikkim
Others,4218,3672895.4901549704,3,2019,sikkim
Peer-to-peer payments,508471,1086457147.940953,4,2019,sikkim
Recharge & bill payments,181287,42705664.086257376,4,2019,sikkim
Merchant payments,73992,43954548.804204434,4,2019,sikkim
Financial Services,373,494076.3450829056,4,2019,sikkim
Others,2947,2898164.4797200123,4,2019,sikkim
Peer-to-peer payments,230413,954765350.1856782,1,2020,sikkim
Recharge & bill payments,215586,53588505.83882397,1,2020,sikkim
Merchant payments,79881,43201695.38937264,1,2020,sikkim
Financial Services,345,175569.53933206247,1,2020,sikkim
Others,1893,1745150.991195219,1,2020,sikkim
Recharge & bill payments,297620,78397187.10935993,2,2020,sikkim
Peer-to-peer payments,186495,939900165.9422412,2,2020,sikkim
Merchant payments,31442,34385184.657177515,2,2020,sikkim
Financial Services,883,999656.0722047673,2,2020,sikkim
Others,1291,936594.480283038,2,2020,sikkim
Recharge & bill payments,298885,83894642.6709112,3,2020,sikkim
Peer-to-peer payments,245087,1255521152.966514,3,2020,sikkim
Merchant payments,49299,58337178.6722376,3,2020,sikkim
Financial Services,1252,1795366.733436462,3,2020,sikkim
Others,1912,1378387.6172995246,3,2020,sikkim
Peer-to-peer payments,334069,1711730126.584541,4,2020,sikkim
Recharge & bill payments,301382,90168624.05415541,4,2020,sikkim
Merchant payments,95503,112478003.8639115,4,2020,sikkim
Financial Services,1427,2361187.592392395,4,2020,sikkim
Others,2654,2537863.027923054,4,2020,sikkim
Peer-to-peer payments,403703,1965492629.578867,1,2021,sikkim
Recharge & bill payments,279679,93174110.112334,1,2021,sikkim
Merchant payments,112925,154183320.13728723,1,2021,sikkim
Financial Services,1844,3027799.2784099854,1,2021,sikkim
Others,2038,1789867.7338266163,1,2021,sikkim
Peer-to-peer payments,473141,2125758496.6160913,2,2021,sikkim
Recharge & bill payments,345495,103846501.524041,2,2021,sikkim
Merchant payments,153671,190473176.2184894,2,2021,sikkim
Financial Services,1865,2851874.287465013,2,2021,sikkim
Others,2542,1969531.0292125773,2,2021,sikkim
Peer-to-peer payments,595826,2582075089.383399,3,2021,sikkim
Recharge & bill payments,346173,111613776.75942019,3,2021,sikkim
Merchant payments,213808,290732930.46291,3,2021,sikkim
Financial Services,1689,2624558.3857180667,3,2021,sikkim
Others,3098,2290508.8169457563,3,2021,sikkim
Peer-to-peer payments,831597,3548508409.656125,4,2021,sikkim
Recharge & bill payments,376078,136473754.40071422,4,2021,sikkim
Merchant payments,369343,504586163.55697846,4,2021,sikkim
Financial Services,2269,3162023.7210206646,4,2021,sikkim
Others,5058,4052910.300969372,4,2021,sikkim
Peer-to-peer payments,916940,3650961081.00263,1,2022,sikkim
Merchant payments,449273,570784579.6670712,1,2022,sikkim
Recharge & bill payments,371579,139135962.1036925,1,2022,sikkim
Financial Services,2124,3062332.163804472,1,2022,sikkim
Others,4386,3487320.9262269526,1,2022,sikkim
Peer-to-peer payments,1198014,4596501308.1959305,2,2022,sikkim
Merchant payments,706658,847497607.089355,2,2022,sikkim
Recharge & bill payments,411189,162174479.69733828,2,2022,sikkim
Financial Services,1758,1861284.7969863976,2,2022,sikkim
Others,4462,3070990.527526753,2,2022,sikkim
Peer-to-peer payments,1222037,4173703593.656705,3,2022,sikkim
Merchant payments,772650,830361400.9603965,3,2022,sikkim
Recharge & bill payments,397207,153567926.3217131,3,2022,sikkim
Financial Services,1538,2851319.5479129553,3,2022,sikkim
Others,3326,2396303.4047308513,3,2022,sikkim
Peer-to-peer payments,1548662,5175155338.821596,4,2022,sikkim
Merchant payments,1033541,1096220774.2554631,4,2022,sikkim
Recharge & bill payments,470639,181281682.3220814,4,2022,sikkim
Financial Services,2049,2701971.788609252,4,2022,sikkim
Others,3448,3025622.2320622765,4,2022,sikkim
Recharge & bill payments,3308548,646028338.3951533,1,2018,tamil-nadu
Peer-to-peer payments,2670613,10031518934.08568,1,2018,tamil-nadu
Merchant payments,326510,272002057.1736871,1,2018,tamil-nadu
Financial Services,115363,31876073.74792233,1,2018,tamil-nadu
Others,305588,280132294.11422664,1,2018,tamil-nadu
Recharge & bill payments,4464677,1189892955.805177,2,2018,tamil-nadu
Peer-to-peer payments,4433762,18067624388.09562,2,2018,tamil-nadu
Merchant payments,627918,517130320.46603084,2,2018,tamil-nadu
Financial Services,167035,65402385.25640666,2,2018,tamil-nadu
Others,298736,285794226.64323723,2,2018,tamil-nadu
Peer-to-peer payments,8810836,26792462660.044956,3,2018,tamil-nadu
Recharge & bill payments,5148411,1521551955.205038,3,2018,tamil-nadu
Merchant payments,1290978,733189649.5729835,3,2018,tamil-nadu
Financial Services,191732,37049222.36590697,3,2018,tamil-nadu
Others,332121,245838753.995272,3,2018,tamil-nadu
Peer-to-peer payments,11538547,39180083690.57276,4,2018,tamil-nadu
Recharge & bill payments,7093764,2020329567.824538,4,2018,tamil-nadu
Merchant payments,3145621,1742903221.432857,4,2018,tamil-nadu
Financial Services,228398,46571758.68242933,4,2018,tamil-nadu
Others,451114,312185737.3815207,4,2018,tamil-nadu
Peer-to-peer payments,18645926,51296299081.44436,1,2019,tamil-nadu
Recharge & bill payments,8863289,2695317014.866,1,2019,tamil-nadu
Merchant payments,4195222,1924461188.990014,1,2019,tamil-nadu
Financial Services,193261,31217137.54532297,1,2019,tamil-nadu
Others,377347,256742393.2842679,1,2019,tamil-nadu
Peer-to-peer payments,16952961,57924128549.06982,2,2019,tamil-nadu
Recharge & bill payments,8414514,3280033639.85004,2,2019,tamil-nadu
Merchant payments,6296995,2690331792.5060782,2,2019,tamil-nadu
Financial Services,70142,18334602.38963153,2,2019,tamil-nadu
Others,437125,294847441.94211423,2,2019,tamil-nadu
Peer-to-peer payments,21277636,70615331408.53966,3,2019,tamil-nadu
Merchant payments,10344027,4079315732.6616826,3,2019,tamil-nadu
Recharge & bill payments,9246678,3964144354.416151,3,2019,tamil-nadu
Financial Services,88261,27213741.83107733,3,2019,tamil-nadu
Others,453581,273599406.1898495,3,2019,tamil-nadu
Peer-to-peer payments,28814008,91858026341.27563,4,2019,tamil-nadu
Merchant payments,16153034,6420193204.780616,4,2019,tamil-nadu
Recharge & bill payments,11157765,4681454397.562926,4,2019,tamil-nadu
Financial Services,60624,24332240.65556671,4,2019,tamil-nadu
Others,410980,206859328.26859048,4,2019,tamil-nadu
Peer-to-peer payments,30880360,101907683045.2843,1,2020,tamil-nadu
Merchant payments,21541556,8950736938.223478,1,2020,tamil-nadu
Recharge & bill payments,14134259,5493239429.7322235,1,2020,tamil-nadu
Financial Services,61427,41422107.81363036,1,2020,tamil-nadu
Others,335871,176604658.386683,1,2020,tamil-nadu
Peer-to-peer payments,21700844,82347647064.12332,2,2020,tamil-nadu
Recharge & bill payments,18474731,6414781159.484189,2,2020,tamil-nadu
Merchant payments,11477546,6909361871.628205,2,2020,tamil-nadu
Financial Services,78584,89189349.84916353,2,2020,tamil-nadu
Others,138405,65529451.74366937,2,2020,tamil-nadu
Peer-to-peer payments,31754077,123561080533.0467,3,2020,tamil-nadu
Merchant payments,20664887,12554589575.50485,3,2020,tamil-nadu
Recharge & bill payments,17521756,7476952307.406668,3,2020,tamil-nadu
Financial Services,129671,158512062.545901,3,2020,tamil-nadu
Others,207434,90281020.15995154,3,2020,tamil-nadu
Peer-to-peer payments,47800741,172196381789.49103,4,2020,tamil-nadu
Merchant payments,41297305,24417758781.65223,4,2020,tamil-nadu
Recharge & bill payments,21563946,9462546013.163391,4,2020,tamil-nadu
Financial Services,153044,186775413.14290392,4,2020,tamil-nadu
Others,364665,209735503.5452142,4,2020,tamil-nadu
Peer-to-peer payments,57446279,206405230307.9611,1,2021,tamil-nadu
Merchant payments,53811885,30722779534.582497,1,2021,tamil-nadu
Recharge & bill payments,24826273,11115915388.739542,1,2021,tamil-nadu
Financial Services,170620,215319360.4840321,1,2021,tamil-nadu
Others,301617,208899281.8834731,1,2021,tamil-nadu
Peer-to-peer payments,60812902,216379027686.30243,2,2021,tamil-nadu
Merchant payments,52048347,33504798112.883823,2,2021,tamil-nadu
Recharge & bill payments,32753032,13155346942.25547,2,2021,tamil-nadu
Financial Services,192614,225113402.6634022,2,2021,tamil-nadu
Others,351547,223054882.4467526,2,2021,tamil-nadu
Merchant payments,85074941,52932187058.57519,3,2021,tamil-nadu
Peer-to-peer payments,83833356,296121079294.8346,3,2021,tamil-nadu
Recharge & bill payments,34751691,15613287081.611631,3,2021,tamil-nadu
Financial Services,182097,246146707.2790811,3,2021,tamil-nadu
Others,515319,294622911.6328684,3,2021,tamil-nadu
Merchant payments,117578360,70539086832.13815,4,2021,tamil-nadu
Peer-to-peer payments,104493071,353529424598.2304,4,2021,tamil-nadu
Recharge & bill payments,36163870,18979178477.53405,4,2021,tamil-nadu
Financial Services,228761,275850497.094934,4,2021,tamil-nadu
Others,691914,400412189.8049112,4,2021,tamil-nadu
Merchant payments,139788772,81798208975.87326,1,2022,tamil-nadu
Peer-to-peer payments,119383791,409631710258.4541,1,2022,tamil-nadu
Recharge & bill payments,34579431,20705079141.096962,1,2022,tamil-nadu
Financial Services,241201,298216135.37755203,1,2022,tamil-nadu
Others,579955,355987089.83064437,1,2022,tamil-nadu
Merchant payments,179245529,100813133534.0309,2,2022,tamil-nadu
Peer-to-peer payments,136341691,464333108374.57104,2,2022,tamil-nadu
Recharge & bill payments,38257271,24477663683.79348,2,2022,tamil-nadu
Financial Services,202498,233054908.9697893,2,2022,tamil-nadu
Others,459948,277767177.03123105,2,2022,tamil-nadu
Merchant payments,202149276,109801011246.1606,3,2022,tamil-nadu
Peer-to-peer payments,148805657,493880482824.98395,3,2022,tamil-nadu
Recharge & bill payments,41919063,27694221703.16715,3,2022,tamil-nadu
Financial Services,217741,238069828.1652185,3,2022,tamil-nadu
Others,404438,265434770.7913805,3,2022,tamil-nadu
Merchant payments,229308285,118847998736.56459,4,2022,tamil-nadu
Peer-to-peer payments,162920305,526511418812.77344,4,2022,tamil-nadu
Recharge & bill payments,43391904,29719449171.38699,4,2022,tamil-nadu
Financial Services,295740,334812023.56560165,4,2022,tamil-nadu
Others,400402,275988847.1474179,4,2022,tamil-nadu
Recharge & bill payments,4209319,831912767.5937189,1,2018,telangana
Peer-to-peer payments,3307245,11748268950.760422,1,2018,telangana
Merchant payments,351474,282899066.6137372,1,2018,telangana
Financial Services,262876,57011875.36233704,1,2018,telangana
Others,391852,388111458.2121352,1,2018,telangana
Peer-to-peer payments,4784079,20748520742.57553,2,2018,telangana
Recharge & bill payments,4686542,1274130053.834579,2,2018,telangana
Merchant payments,701082,551696487.3185427,2,2018,telangana
Financial Services,277805,85498213.25384143,2,2018,telangana
Others,315162,357356020.669816,2,2018,telangana
Peer-to-peer payments,11560952,29253505738.82874,3,2018,telangana
Recharge & bill payments,5328881,1568136060.627837,3,2018,telangana
Merchant payments,1770075,855534175.4794186,3,2018,telangana
Financial Services,307312,52554123.97376218,3,2018,telangana
Others,365483,300363110.8137954,3,2018,telangana
Peer-to-peer payments,15571288,44541667501.74112,4,2018,telangana
Recharge & bill payments,7121135,2165870863.1686497,4,2018,telangana
Merchant payments,5315161,2356841304.964929,4,2018,telangana
Financial Services,392423,64569231.235592484,4,2018,telangana
Others,521147,380139546.93821603,4,2018,telangana
Peer-to-peer payments,40488967,87361237975.49301,1,2019,telangana
Merchant payments,12341901,4144368545.5359693,1,2019,telangana
Recharge & bill payments,11525394,3619117615.4851723,1,2019,telangana
Financial Services,463688,54547989.27545392,1,2019,telangana
Others,470752,343989909.8750894,1,2019,telangana
Peer-to-peer payments,46741594,141095702899.1614,2,2019,telangana
Merchant payments,25682382,8442740781.469844,2,2019,telangana
Recharge & bill payments,16225017,5603477828.5489645,2,2019,telangana
Financial Services,252173,43627344.86329398,2,2019,telangana
Others,709213,490894328.3915366,2,2019,telangana
Peer-to-peer payments,59981113,180342868388.36203,3,2019,telangana
Merchant payments,44035953,14308557740.55424,3,2019,telangana
Recharge & bill payments,16437222,6793699069.387363,3,2019,telangana
Financial Services,183163,39617186.74048498,3,2019,telangana
Others,857925,445278745.3818412,3,2019,telangana
Peer-to-peer payments,82587060,249346680995.99307,4,2019,telangana
Merchant payments,59347809,21510626607.08445,4,2019,telangana
Recharge & bill payments,20797056,9561315124.602655,4,2019,telangana
Financial Services,137291,33453857.40459593,4,2019,telangana
Others,703042,294688962.659046,4,2019,telangana
Peer-to-peer payments,95668911,327641798044.8055,1,2020,telangana
Merchant payments,76818285,31076431477.91269,1,2020,telangana
Recharge & bill payments,26324268,12324266104.56499,1,2020,telangana
Financial Services,88184,59500639.38684589,1,2020,telangana
Others,509877,241784101.5460485,1,2020,telangana
Peer-to-peer payments,76683293,279478553909.7438,2,2020,telangana
Merchant payments,44181999,26712043204.891262,2,2020,telangana
Recharge & bill payments,30885875,15106945863.85704,2,2020,telangana
Financial Services,116776,134169906.7475049,2,2020,telangana
Others,187200,100126467.191328,2,2020,telangana
Peer-to-peer payments,116668399,437459188905.0534,3,2020,telangana
Merchant payments,86836471,49743225885.179474,3,2020,telangana
Recharge & bill payments,32352860,18378477087.57689,3,2020,telangana
Financial Services,195857,223377023.5052515,3,2020,telangana
Others,318539,156875854.5548792,3,2020,telangana
Peer-to-peer payments,160607487,591976601278.5154,4,2020,telangana
Merchant payments,143897953,81725950703.21272,4,2020,telangana
Recharge & bill payments,38174710,22006183348.80398,4,2020,telangana
Financial Services,230134,275357720.01805824,4,2020,telangana
Others,733503,366346176.4068247,4,2020,telangana
Merchant payments,185230619,95927278280.53006,1,2021,telangana
Peer-to-peer payments,179738195,676276353116.8419,1,2021,telangana
Recharge & bill payments,46371555,26447601338.53346,1,2021,telangana
Financial Services,262473,320153410.17969453,1,2021,telangana
Others,969268,387877900.5044867,1,2021,telangana
Peer-to-peer payments,230861833,872151973637.885,2,2021,telangana
Merchant payments,205232899,123207789311.29622,2,2021,telangana
Recharge & bill payments,58637866,31877277168.34322,2,2021,telangana
Financial Services,278546,300569264.1443888,2,2021,telangana
Others,856400,420723415.91505665,2,2021,telangana
Merchant payments,286735350,159227310549.39362,3,2021,telangana
Peer-to-peer payments,271436926,981754679241.0405,3,2021,telangana
Recharge & bill payments,62744121,36434881136.01624,3,2021,telangana
Financial Services,235519,329138539.4612142,3,2021,telangana
Others,1734852,543116826.3422191,3,2021,telangana
Merchant payments,376584215,212974766412.0155,4,2021,telangana
Peer-to-peer payments,331774591,1204991223519.016,4,2021,telangana
Recharge & bill payments,66477036,44760398983.30789,4,2021,telangana
Financial Services,298871,392141743.6705663,4,2021,telangana
Others,855060,639658842.8998816,4,2021,telangana
Merchant payments,449186799,243841863780.67932,1,2022,telangana
Peer-to-peer payments,368048408,1375289566667.705,1,2022,telangana
Recharge & bill payments,66352138,50470450179.882545,1,2022,telangana
Financial Services,284035,394283511.9410973,1,2022,telangana
Others,2582005,642005688.7661512,1,2022,telangana
Merchant payments,565370506,307468406704.909,2,2022,telangana
Peer-to-peer payments,422056582,1580014085694.835,2,2022,telangana
Recharge & bill payments,75099130,63136761649.393105,2,2022,telangana
Financial Services,245023,324857780.5553103,2,2022,telangana
Others,611316,470432687.3850265,2,2022,telangana
Merchant payments,880414292,447150646953.73694,3,2022,telangana
Peer-to-peer payments,626830752,2170173323588.5298,3,2022,telangana
Recharge & bill payments,119779835,87937210666.27194,3,2022,telangana
Financial Services,340458,442783619.091239,3,2022,telangana
Others,800064,621900924.4423015,3,2022,telangana
Merchant payments,1002521735,491556008133.5354,4,2022,telangana
Peer-to-peer payments,694612831,2393380395296.851,4,2022,telangana
Recharge & bill payments,121188131,92136759501.42021,4,2022,telangana
Financial Services,401838,498719426.00543725,4,2022,telangana
Others,782297,680680558.3343163,4,2022,telangana
Recharge & bill payments,86819,14079439.56990594,1,2018,tripura
Peer-to-peer payments,44844,112229994.97675669,1,2018,tripura
Financial Services,4842,672247.5881710155,1,2018,tripura
Merchant payments,4833,6080959.882836086,1,2018,tripura
Others,6819,4916272.512952799,1,2018,tripura
Recharge & bill payments,118171,22554398.15273035,2,2018,tripura
Peer-to-peer payments,73821,197666881.87296882,2,2018,tripura
Merchant payments,9621,10570951.15156878,2,2018,tripura
Financial Services,6925,1264101.904810368,2,2018,tripura
Others,6021,4835385.634057636,2,2018,tripura
Peer-to-peer payments,186065,398867427.3246338,3,2018,tripura
Recharge & bill payments,156308,33484811.21282282,3,2018,tripura
Merchant payments,21476,16092396.41113394,3,2018,tripura
Financial Services,8106,1080000.0112896338,3,2018,tripura
Others,5748,4338753.080712541,3,2018,tripura
Recharge & bill payments,204720,38334816.66379926,4,2018,tripura
Peer-to-peer payments,179739,549068822.3729683,4,2018,tripura
Merchant payments,50888,31066467.63339032,4,2018,tripura
Financial Services,6441,1023126.8205747404,4,2018,tripura
Others,6271,5392365.973713988,4,2018,tripura
Peer-to-peer payments,296993,679165332.8123899,1,2019,tripura
Recharge & bill payments,227997,44429378.42277926,1,2019,tripura
Merchant payments,46642,28109966.31994779,1,2019,tripura
Financial Services,4189,461473.58856435167,1,2019,tripura
Others,5105,4728790.472138839,1,2019,tripura
Peer-to-peer payments,240776,751113516.2256755,2,2019,tripura
Recharge & bill payments,218649,48989430.60730426,2,2019,tripura
Merchant payments,64829,35275706.82877502,2,2019,tripura
Financial Services,1899,339184.3344705297,2,2019,tripura
Others,6405,6103644.851151889,2,2019,tripura
Recharge & bill payments,339539,81845425.35425141,3,2019,tripura
Peer-to-peer payments,270163,884623553.9011385,3,2019,tripura
Merchant payments,68399,44802063.64430427,3,2019,tripura
Financial Services,27970,582020.9903208594,3,2019,tripura
Others,5646,5524358.927209696,3,2019,tripura
Recharge & bill payments,373779,88001651.28693296,4,2019,tripura
Peer-to-peer payments,359076,1071507585.9983541,4,2019,tripura
Merchant payments,62458,51274033.720727704,4,2019,tripura
Financial Services,2239,377097.66713108413,4,2019,tripura
Others,4272,4239791.585043055,4,2019,tripura
Recharge & bill payments,449584,114355218.0351404,1,2020,tripura
Peer-to-peer payments,366218,1400694933.570157,1,2020,tripura
Merchant payments,102861,68590603.6377098,1,2020,tripura
Financial Services,1722,1066651.521721911,1,2020,tripura
Others,4117,4071399.6237732675,1,2020,tripura
Recharge & bill payments,600206,163220166.76643568,2,2020,tripura
Peer-to-peer payments,346863,1501452755.689023,2,2020,tripura
Merchant payments,97816,99795973.60794038,2,2020,tripura
Financial Services,2904,2247782.5219734698,2,2020,tripura
Others,4731,2459205.000588993,2,2020,tripura
Recharge & bill payments,627363,185201997.27960992,3,2020,tripura
Peer-to-peer payments,477769,1959371082.9173033,3,2020,tripura
Merchant payments,202106,190218136.28088412,3,2020,tripura
Financial Services,3828,3141391.5755430083,3,2020,tripura
Others,6819,3886908.1625436572,3,2020,tripura
Peer-to-peer payments,650386,2683789889.83192,4,2020,tripura
Recharge & bill payments,631611,192385823.4322018,4,2020,tripura
Merchant payments,357567,296872485.4156503,4,2020,tripura
Financial Services,4084,3666639.308697606,4,2020,tripura
Others,8242,5416158.232838955,4,2020,tripura
Peer-to-peer payments,643366,2821226150.591918,1,2021,tripura
Recharge & bill payments,508718,173211140.89346513,1,2021,tripura
Merchant payments,350366,333743281.3210389,1,2021,tripura
Financial Services,3146,2879929.222833151,1,2021,tripura
Others,5827,4281067.764165951,1,2021,tripura
Peer-to-peer payments,703728,2865655130.431326,2,2021,tripura
Recharge & bill payments,589839,189808502.9050523,2,2021,tripura
Merchant payments,440060,404915546.51771075,2,2021,tripura
Financial Services,3656,3503925.3381061675,2,2021,tripura
Others,7146,4271255.844077852,2,2021,tripura
Peer-to-peer payments,864329,3491901741.159418,3,2021,tripura
Recharge & bill payments,620991,215226019.5759628,3,2021,tripura
Merchant payments,584079,648504775.623629,3,2021,tripura
Financial Services,2886,3473153.087671739,3,2021,tripura
Others,8915,5028078.734792852,3,2021,tripura
Peer-to-peer payments,1060915,4368786747.103016,4,2021,tripura
Merchant payments,793636,874005407.7140213,4,2021,tripura
Recharge & bill payments,650251,241225282.0745188,4,2021,tripura
Financial Services,3635,5073898.6076811645,4,2021,tripura
Others,12256,7838128.800210228,4,2021,tripura
Peer-to-peer payments,1221863,4934712034.365204,1,2022,tripura
Merchant payments,992891,1037265262.6570491,1,2022,tripura
Recharge & bill payments,641170,262348230.9954375,1,2022,tripura
Financial Services,4351,5782533.2422681665,1,2022,tripura
Others,10915,7221703.089884497,1,2022,tripura
Peer-to-peer payments,1443647,5354182193.788111,2,2022,tripura
Merchant payments,1322009,1235804019.563663,2,2022,tripura
Recharge & bill payments,638643,278018856.1783528,2,2022,tripura
Financial Services,3812,4533635.768901512,2,2022,tripura
Others,10553,5732336.736273008,2,2022,tripura
Peer-to-peer payments,1836678,6718925839.047781,3,2022,tripura
Merchant payments,1660497,1589078400.261532,3,2022,tripura
Recharge & bill payments,745382,329401812.4140819,3,2022,tripura
Financial Services,4343,5330626.119674753,3,2022,tripura
Others,9679,5616127.06807068,3,2022,tripura
Peer-to-peer payments,2252390,8142233538.414011,4,2022,tripura
Merchant payments,2054988,1925282618.810984,4,2022,tripura
Recharge & bill payments,874800,373875271.1987865,4,2022,tripura
Financial Services,5787,5028488.55453164,4,2022,tripura
Others,10225,6551901.175783692,4,2022,tripura
Recharge & bill payments,7003704,1201827543.8816478,1,2018,uttar-pradesh
Peer-to-peer payments,4123625,11786969148.760592,1,2018,uttar-pradesh
Merchant payments,442436,428301434.2754866,1,2018,uttar-pradesh
Financial Services,397328,75150444.99108115,1,2018,uttar-pradesh
Others,570712,447722351.3138524,1,2018,uttar-pradesh
Recharge & bill payments,9232131,2044535461.4826078,2,2018,uttar-pradesh
Peer-to-peer payments,6484369,22197440015.94554,2,2018,uttar-pradesh
Merchant payments,909545,799920463.267408,2,2018,uttar-pradesh
Financial Services,563213,105536911.8402665,2,2018,uttar-pradesh
Others,521685,572768843.1641636,2,2018,uttar-pradesh
Peer-to-peer payments,13828768,32944051606.98276,3,2018,uttar-pradesh
Recharge & bill payments,9140873,2485029062.8899508,3,2018,uttar-pradesh
Merchant payments,2397448,1012726185.1169591,3,2018,uttar-pradesh
Financial Services,603303,76605144.65776658,3,2018,uttar-pradesh
Others,544964,493702369.5936288,3,2018,uttar-pradesh
Peer-to-peer payments,15804910,48836291123.914734,4,2018,uttar-pradesh
Recharge & bill payments,11976808,3040717446.728788,4,2018,uttar-pradesh
Merchant payments,6953857,2480267671.2597933,4,2018,uttar-pradesh
Financial Services,517619,76250539.85851902,4,2018,uttar-pradesh
Others,847573,663216794.1554663,4,2018,uttar-pradesh
Peer-to-peer payments,32062452,68506766330.451485,1,2019,uttar-pradesh
Recharge & bill payments,15400713,4231102032.956448,1,2019,uttar-pradesh
Merchant payments,8558766,3105904146.2085333,1,2019,uttar-pradesh
Financial Services,389733,43341558.4853555,1,2019,uttar-pradesh
Others,912840,637066065.9078369,1,2019,uttar-pradesh
Peer-to-peer payments,27105049,87581482658.94861,2,2019,uttar-pradesh
Recharge & bill payments,17551537,5627886175.9093685,2,2019,uttar-pradesh
Merchant payments,12733089,4894223107.452321,2,2019,uttar-pradesh
Financial Services,264091,38169259.945291094,2,2019,uttar-pradesh
Others,1229734,775758168.4201038,2,2019,uttar-pradesh
Peer-to-peer payments,26990786,95134023863.97963,3,2019,uttar-pradesh
Recharge & bill payments,20359672,8000160942.595397,3,2019,uttar-pradesh
Merchant payments,19625935,7399443975.24218,3,2019,uttar-pradesh
Financial Services,258548,51363215.14597865,3,2019,uttar-pradesh
Others,1389018,683145478.0865316,3,2019,uttar-pradesh
Peer-to-peer payments,40540310,126564888408.1326,4,2019,uttar-pradesh
Recharge & bill payments,24299776,9082140369.774977,4,2019,uttar-pradesh
Merchant payments,20582052,9412924984.9687,4,2019,uttar-pradesh
Financial Services,242936,45686806.830938116,4,2019,uttar-pradesh
Others,1239931,433285937.588854,4,2019,uttar-pradesh
Peer-to-peer payments,39581157,147734706846.5617,1,2020,uttar-pradesh
Recharge & bill payments,29777603,11168417430.65222,1,2020,uttar-pradesh
Merchant payments,26741638,13072371616.871721,1,2020,uttar-pradesh
Financial Services,139990,64365117.40935904,1,2020,uttar-pradesh
Others,998744,376573949.20359,1,2020,uttar-pradesh
Recharge & bill payments,42229417,14668026056.36812,2,2020,uttar-pradesh
Peer-to-peer payments,39434202,150079524408.8693,2,2020,uttar-pradesh
Merchant payments,18625913,13655151082.57472,2,2020,uttar-pradesh
Financial Services,150360,131930242.90371712,2,2020,uttar-pradesh
Others,412073,209384339.5723213,2,2020,uttar-pradesh
Peer-to-peer payments,54449911,207530912756.7304,3,2020,uttar-pradesh
Recharge & bill payments,37465163,16437365640.853413,3,2020,uttar-pradesh
Merchant payments,34697942,24224433240.83624,3,2020,uttar-pradesh
Financial Services,206210,194129227.54374272,3,2020,uttar-pradesh
Others,586033,303114557.0989778,3,2020,uttar-pradesh
Peer-to-peer payments,75433782,294401153346.7633,4,2020,uttar-pradesh
Merchant payments,61922138,44438824680.67094,4,2020,uttar-pradesh
Recharge & bill payments,39570153,17793973968.76192,4,2020,uttar-pradesh
Financial Services,246868,255803306.13741982,4,2020,uttar-pradesh
Others,994576,539071475.9342327,4,2020,uttar-pradesh
Peer-to-peer payments,85539321,321609613378.6789,1,2021,uttar-pradesh
Merchant payments,78873969,55362244381.43686,1,2021,uttar-pradesh
Recharge & bill payments,38981894,18563189222.328213,1,2021,uttar-pradesh
Financial Services,250656,266104783.74495733,1,2021,uttar-pradesh
Others,853707,486435811.37712044,1,2021,uttar-pradesh
Peer-to-peer payments,102927942,388761820128.4563,2,2021,uttar-pradesh
Merchant payments,84860582,70351401159.78787,2,2021,uttar-pradesh
Recharge & bill payments,53030710,22266927128.754078,2,2021,uttar-pradesh
Financial Services,270944,266853066.8296254,2,2021,uttar-pradesh
Others,858953,525487682.5584012,2,2021,uttar-pradesh
Peer-to-peer payments,127945827,440726915882.17084,3,2021,uttar-pradesh
Merchant payments,126699830,91089049637.02377,3,2021,uttar-pradesh
Recharge & bill payments,50414232,24348150109.63599,3,2021,uttar-pradesh
Financial Services,253418,292009129.0296748,3,2021,uttar-pradesh
Others,1230077,624716522.074541,3,2021,uttar-pradesh
Merchant payments,183966052,142889329646.0546,4,2021,uttar-pradesh
Peer-to-peer payments,167503176,600973581946.6771,4,2021,uttar-pradesh
Recharge & bill payments,52863531,28812549097.65689,4,2021,uttar-pradesh
Financial Services,353219,386356976.48969895,4,2021,uttar-pradesh
Others,1471954,829152405.3448995,4,2021,uttar-pradesh
Merchant payments,221556930,165543931419.27042,1,2022,uttar-pradesh
Peer-to-peer payments,195592648,684758883172.6667,1,2022,uttar-pradesh
Recharge & bill payments,54873261,31683813998.38605,1,2022,uttar-pradesh
Financial Services,358499,386218170.5981607,1,2022,uttar-pradesh
Others,1571908,750327356.10464,1,2022,uttar-pradesh
Merchant payments,298721048,216176289528.4325,2,2022,uttar-pradesh
Peer-to-peer payments,232444860,812579156783.274,2,2022,uttar-pradesh
Recharge & bill payments,62659780,37867966758.88997,2,2022,uttar-pradesh
Financial Services,268349,285646084.32585233,2,2022,uttar-pradesh
Others,1204739,606123265.0864555,2,2022,uttar-pradesh
Merchant payments,361972506,232005905549.1372,3,2022,uttar-pradesh
Peer-to-peer payments,267205027,844564255684.5037,3,2022,uttar-pradesh
Recharge & bill payments,72984811,43854148172.58542,3,2022,uttar-pradesh
Financial Services,367887,344330142.1388885,3,2022,uttar-pradesh
Others,1058841,601411350.4106325,3,2022,uttar-pradesh
Merchant payments,439247166,296781967366.6535,4,2022,uttar-pradesh
Peer-to-peer payments,317613698,1030345562935.882,4,2022,uttar-pradesh
Recharge & bill payments,78025017,48159073834.942955,4,2022,uttar-pradesh
Financial Services,418329,430212917.2764113,4,2022,uttar-pradesh
Others,1064861,661985014.7568951,4,2022,uttar-pradesh
Recharge & bill payments,730428,124377517.3349145,1,2018,uttarakhand
Peer-to-peer payments,399545,1296603346.334598,1,2018,uttarakhand
Merchant payments,35382,39372913.10424411,1,2018,uttarakhand
Financial Services,27761,5637758.5563494945,1,2018,uttarakhand
Others,53569,42553823.19378027,1,2018,uttarakhand
Recharge & bill payments,946332,193802092.8234874,2,2018,uttarakhand
Peer-to-peer payments,620490,2358941864.768211,2,2018,uttarakhand
Merchant payments,60494,66946005.758901335,2,2018,uttarakhand
Financial Services,29919,7913276.778501136,2,2018,uttarakhand
Others,46887,52152138.421940185,2,2018,uttarakhand
Peer-to-peer payments,1049725,3356030294.930648,3,2018,uttarakhand
Recharge & bill payments,1004356,239244556.7664653,3,2018,uttarakhand
Merchant payments,112342,84447374.86583523,3,2018,uttarakhand
Financial Services,22792,4334709.909645849,3,2018,uttarakhand
Others,39917,42516103.38590273,3,2018,uttarakhand
Peer-to-peer payments,1556731,5072621132.34355,4,2018,uttarakhand
Recharge & bill payments,1252124,292877734.3379558,4,2018,uttarakhand
Merchant payments,289733,228453045.85460952,4,2018,uttarakhand
Financial Services,29916,6035161.098892693,4,2018,uttarakhand
Others,50257,54285064.328889735,4,2018,uttarakhand
Peer-to-peer payments,3499130,6512361464.496071,1,2019,uttarakhand
Recharge & bill payments,1590269,394631055.6931843,1,2019,uttarakhand
Merchant payments,372290,226281078.76994142,1,2019,uttarakhand
Financial Services,28784,3951610.30495379,1,2019,uttarakhand
Others,55528,46303966.00979781,1,2019,uttarakhand
Peer-to-peer payments,2383662,7752954670.580209,2,2019,uttarakhand
Recharge & bill payments,1616176,454962951.9136597,2,2019,uttarakhand
Merchant payments,721858,323876953.4104364,2,2019,uttarakhand
Financial Services,21852,2550386.4774141517,2,2019,uttarakhand
Others,69727,54187888.53677146,2,2019,uttarakhand
Peer-to-peer payments,2313544,8512622076.436332,3,2019,uttarakhand
Recharge & bill payments,2201606,683772296.9748493,3,2019,uttarakhand
Merchant payments,1121052,480794827.1193007,3,2019,uttarakhand
Financial Services,12119,4570326.192004257,3,2019,uttarakhand
Others,62155,47272543.29483966,3,2019,uttarakhand
Peer-to-peer payments,3210116,11020339546.60495,4,2019,uttarakhand
Recharge & bill payments,2547173,817728111.4576316,4,2019,uttarakhand
Merchant payments,1542944,701746516.8731368,4,2019,uttarakhand
Financial Services,11585,3555524.3767221333,4,2019,uttarakhand
Others,50298,30336605.838333588,4,2019,uttarakhand
Peer-to-peer payments,3792776,13999676596.86588,1,2020,uttarakhand
Recharge & bill payments,2990764,1028598924.445406,1,2020,uttarakhand
Merchant payments,2289657,1094245197.235664,1,2020,uttarakhand
Financial Services,10246,8180881.808693047,1,2020,uttarakhand
Others,48341,27378658.63192141,1,2020,uttarakhand
Recharge & bill payments,3755695,1303523584.942265,2,2020,uttarakhand
Peer-to-peer payments,3656029,13572964169.690289,2,2020,uttarakhand
Merchant payments,1587042,1181497493.0283291,2,2020,uttarakhand
Financial Services,15023,17612288.05771955,2,2020,uttarakhand
Others,33981,18590166.382408552,2,2020,uttarakhand
Peer-to-peer payments,4836512,18377468807.449932,3,2020,uttarakhand
Recharge & bill payments,3751993,1509373287.697055,3,2020,uttarakhand
Merchant payments,3164623,2166776519.85367,3,2020,uttarakhand
Financial Services,20455,26449980.5841113,3,2020,uttarakhand
Others,45352,23442372.421768248,3,2020,uttarakhand
Peer-to-peer payments,6748183,25748737002.1362,4,2020,uttarakhand
Merchant payments,6629201,4274032856.6465273,4,2020,uttarakhand
Recharge & bill payments,4140391,1697819950.556479,4,2020,uttarakhand
Financial Services,27120,29791064.76179735,4,2020,uttarakhand
Others,68376,42358455.009380005,4,2020,uttarakhand
Merchant payments,8393767,5283142247.065778,1,2021,uttarakhand
Peer-to-peer payments,7981710,29202365442.63442,1,2021,uttarakhand
Recharge & bill payments,4146569,1727960484.0302868,1,2021,uttarakhand
Financial Services,30208,38400863.995605044,1,2021,uttarakhand
Others,56148,36320362.17233381,1,2021,uttarakhand
Peer-to-peer payments,9374939,32674145244.39062,2,2021,uttarakhand
Merchant payments,9134389,6257528832.057197,2,2021,uttarakhand
Recharge & bill payments,5388285,1979824048.8157122,2,2021,uttarakhand
Financial Services,31497,35404991.87467629,2,2021,uttarakhand
Others,71322,43914757.70001852,2,2021,uttarakhand
Merchant payments,13673085,9001414756.070686,3,2021,uttarakhand
Peer-to-peer payments,11867174,39256650720.01872,3,2021,uttarakhand
Recharge & bill payments,5388011,2182554095.263321,3,2021,uttarakhand
Financial Services,27839,38013969.98341857,3,2021,uttarakhand
Others,86175,48863242.2282843,3,2021,uttarakhand
Merchant payments,19850878,13515464697.76179,4,2021,uttarakhand
Peer-to-peer payments,14819203,49969580473.077866,4,2021,uttarakhand
Recharge & bill payments,5536262,2540546090.0230794,4,2021,uttarakhand
Financial Services,38764,51212042.38175093,4,2021,uttarakhand
Others,116173,71304856.17664191,4,2021,uttarakhand
Merchant payments,22595602,14585438346.47384,1,2022,uttarakhand
Peer-to-peer payments,16201632,53535521438.95823,1,2022,uttarakhand
Recharge & bill payments,5617605,2745987927.6831985,1,2022,uttarakhand
Financial Services,39033,49695999.71828518,1,2022,uttarakhand
Others,106900,62138787.2410843,1,2022,uttarakhand
Merchant payments,32087670,19479185362.29696,2,2022,uttarakhand
Peer-to-peer payments,19677409,65563901300.310234,2,2022,uttarakhand
Recharge & bill payments,6263098,3174160697.856764,2,2022,uttarakhand
Financial Services,32284,37217548.78562989,2,2022,uttarakhand
Others,106417,58906116.08464594,2,2022,uttarakhand
Merchant payments,35069444,20528059274.248493,3,2022,uttarakhand
Peer-to-peer payments,22031045,68377272372.60579,3,2022,uttarakhand
Recharge & bill payments,6765699,3633710468.801753,3,2022,uttarakhand
Financial Services,38061,44669245.26821817,3,2022,uttarakhand
Others,92270,57548577.43879978,3,2022,uttarakhand
Merchant payments,43185705,26026949674.245083,4,2022,uttarakhand
Peer-to-peer payments,27043038,85220041974.58177,4,2022,uttarakhand
Recharge & bill payments,7610775,4128624164.7492094,4,2022,uttarakhand
Financial Services,44569,55762460.39159953,4,2022,uttarakhand
Others,99793,64668557.391687945,4,2022,uttarakhand
Recharge & bill payments,5773831,964309485.9592384,1,2018,west-bengal
Peer-to-peer payments,4383075,8874266825.985771,1,2018,west-bengal
Financial Services,665171,119502271.6694444,1,2018,west-bengal
Merchant payments,443378,366788699.6571312,1,2018,west-bengal
Others,444770,301111268.8686383,1,2018,west-bengal
Peer-to-peer payments,8284944,15889890046.862808,2,2018,west-bengal
Recharge & bill payments,7360522,1563841173.839662,2,2018,west-bengal
Financial Services,1121570,160809685.9388638,2,2018,west-bengal
Merchant payments,937608,715914360.819237,2,2018,west-bengal
Others,377802,298728202.7433254,2,2018,west-bengal
Peer-to-peer payments,41882429,38439798815.23789,3,2018,west-bengal
Recharge & bill payments,7596315,1992473341.2750618,3,2018,west-bengal
Merchant payments,2252265,979603555.1397108,3,2018,west-bengal
Financial Services,1619524,185187032.89650062,3,2018,west-bengal
Others,354883,246871438.6293067,3,2018,west-bengal
Peer-to-peer payments,17154995,35303180047.061485,4,2018,west-bengal
Recharge & bill payments,9425082,2467741143.225801,4,2018,west-bengal
Merchant payments,8633569,2294203496.6575313,4,2018,west-bengal
Financial Services,734796,93755616.52283625,4,2018,west-bengal
Others,565106,330738908.2367093,4,2018,west-bengal
Peer-to-peer payments,27374206,44170923881.74428,1,2019,west-bengal
Recharge & bill payments,11659948,3021107711.9021683,1,2019,west-bengal
Merchant payments,7636726,2645438308.3384776,1,2019,west-bengal
Financial Services,525650,47986448.46936697,1,2019,west-bengal
Others,429858,279216273.42548996,1,2019,west-bengal
Peer-to-peer payments,20285958,48394974398.37831,2,2019,west-bengal
Merchant payments,13646142,4657258459.145545,2,2019,west-bengal
Recharge & bill payments,12129638,3676123279.380092,2,2019,west-bengal
Financial Services,421037,45646046.98846317,2,2019,west-bengal
Others,540760,331688935.22631323,2,2019,west-bengal
Merchant payments,30804036,8273187167.0788555,3,2019,west-bengal
Peer-to-peer payments,21522913,57058405341.48096,3,2019,west-bengal
Recharge & bill payments,13011501,4832486821.8885765,3,2019,west-bengal
Financial Services,558653,57054414.83597401,3,2019,west-bengal
Others,547726,319398871.5461071,3,2019,west-bengal
Peer-to-peer payments,67037576,76593333397.8665,4,2019,west-bengal
Recharge & bill payments,14511711,4859794689.902503,4,2019,west-bengal
Merchant payments,14187744,6477138700.812115,4,2019,west-bengal
Financial Services,653648,77047243.72974005,4,2019,west-bengal
Others,415159,196296222.3358758,4,2019,west-bengal
Peer-to-peer payments,28457404,82770282623.80914,1,2020,west-bengal
Merchant payments,19779392,8097859088.519977,1,2020,west-bengal
Recharge & bill payments,17448908,5550815439.734788,1,2020,west-bengal
Financial Services,210068,58280893.55150119,1,2020,west-bengal
Others,354609,176067145.3227705,1,2020,west-bengal
Peer-to-peer payments,24855687,84984004330.77179,2,2020,west-bengal
Recharge & bill payments,22220012,7496845561.868595,2,2020,west-bengal
Merchant payments,10225729,7404190137.6690855,2,2020,west-bengal
Financial Services,130595,89987205.23090403,2,2020,west-bengal
Others,244774,124404641.8149572,2,2020,west-bengal
Peer-to-peer payments,37556349,133120676151.84232,3,2020,west-bengal
Recharge & bill payments,22284079,8768630922.970161,3,2020,west-bengal
Merchant payments,19599024,14614394375.38955,3,2020,west-bengal
Financial Services,151996,125973420.85650629,3,2020,west-bengal
Others,363056,183680984.0825331,3,2020,west-bengal
Peer-to-peer payments,46437233,166391874596.3048,4,2020,west-bengal
Merchant payments,30077510,22241302940.832962,4,2020,west-bengal
Recharge & bill payments,23158305,10074605883.201231,4,2020,west-bengal
Financial Services,178455,164241191.7401362,4,2020,west-bengal
Others,489142,293466753.56894124,4,2020,west-bengal
Peer-to-peer payments,53869075,202240249482.85382,1,2021,west-bengal
Merchant payments,37143701,28918343691.01849,1,2021,west-bengal
Recharge & bill payments,26673733,11339665944.69124,1,2021,west-bengal
Financial Services,166727,175445811.8844433,1,2021,west-bengal
Others,400816,263502545.0738997,1,2021,west-bengal
Peer-to-peer payments,64661051,230812278789.29962,2,2021,west-bengal
Merchant payments,41696787,34787867208.31932,2,2021,west-bengal
Recharge & bill payments,34799709,13331453857.609211,2,2021,west-bengal
Financial Services,190537,186466487.6307634,2,2021,west-bengal
Others,549353,316744715.7049847,2,2021,west-bengal
Peer-to-peer payments,84353949,294799731350.5536,3,2021,west-bengal
Merchant payments,58800005,50971169851.15668,3,2021,west-bengal
Recharge & bill payments,37556310,16045754099.005053,3,2021,west-bengal
Financial Services,189087,213411736.37376118,3,2021,west-bengal
Others,813637,426999219.42323273,3,2021,west-bengal
Peer-to-peer payments,105728377,372240891205.5542,4,2021,west-bengal
Merchant payments,80248673,71231577538.7114,4,2021,west-bengal
Recharge & bill payments,37801439,17813903244.6638,4,2021,west-bengal
Financial Services,252535,270791056.67414296,4,2021,west-bengal
Others,998536,660874216.4934741,4,2021,west-bengal
Peer-to-peer payments,124787028,446343740437.97784,1,2022,west-bengal
Merchant payments,97315025,85854730616.41322,1,2022,west-bengal
Recharge & bill payments,37317865,18435424277.7259,1,2022,west-bengal
Financial Services,239530,261096608.8056059,1,2022,west-bengal
Others,845644,531671268.6395414,1,2022,west-bengal
Peer-to-peer payments,145395450,520190680811.7997,2,2022,west-bengal
Merchant payments,126682135,107049019781.85818,2,2022,west-bengal
Recharge & bill payments,42712193,20697301165.418552,2,2022,west-bengal
Financial Services,191724,199770753.2306173,2,2022,west-bengal
Others,760639,438407071.938344,2,2022,west-bengal
Peer-to-peer payments,163523844,556258142870.3699,3,2022,west-bengal
Merchant payments,145181044,123577123532.40579,3,2022,west-bengal
Recharge & bill payments,47208496,24221425246.931328,3,2022,west-bengal
Financial Services,238746,241288774.2323074,3,2022,west-bengal
Others,640258,451918188.20472723,3,2022,west-bengal
Peer-to-peer payments,184380244,620222191587.5907,4,2022,west-bengal
Merchant payments,171667404,140807748126.16342,4,2022,west-bengal
Recharge & bill payments,48921147,26026633153.20199,4,2022,west-bengal
Financial Services,268388,261122865.47893512,4,2022,west-bengal
Others,610414,457937874.81499815,4,2022,west-bengal
Recharge & bill payments,4200,1845307.4673655091,1,2018,andaman-&-nicobar-islands
Peer-to-peer payments,1871,12138655.299749982,1,2018,andaman-&-nicobar-islands
Merchant payments,298,452507.168646613,1,2018,andaman-&-nicobar-islands
Financial Services,33,10601.419933464953,1,2018,andaman-&-nicobar-islands
Others,256,184689.8662902223,1,2018,andaman-&-nicobar-islands
Recharge & bill payments,6735,2320944.731074479,2,2018,andaman-&-nicobar-islands
Peer-to-peer payments,3575,24511925.23104766,2,2018,andaman-&-nicobar-islands
Merchant payments,603,1024491.0133579008,2,2018,andaman-&-nicobar-islands
Financial Services,59,121336.0270987509,2,2018,andaman-&-nicobar-islands
Others,368,359838.50537474576,2,2018,andaman-&-nicobar-islands
Recharge & bill payments,8636,4343504.868377829,3,2018,andaman-&-nicobar-islands
Peer-to-peer payments,6448,49270781.541635044,3,2018,andaman-&-nicobar-islands
Merchant payments,945,1627359.8394868043,3,2018,andaman-&-nicobar-islands
Financial Services,42,1481.4907042806485,3,2018,andaman-&-nicobar-islands
Others,194,314343.39410715323,3,2018,andaman-&-nicobar-islands
Recharge & bill payments,11517,5450549.512294375,4,2018,andaman-&-nicobar-islands
Peer-to-peer payments,10451,81001456.97825177,4,2018,andaman-&-nicobar-islands
Merchant payments,1421,3552027.735492656,4,2018,andaman-&-nicobar-islands
Financial Services,29,76035.7877393286,4,2018,andaman-&-nicobar-islands
Others,340,468266.0606770435,4,2018,andaman-&-nicobar-islands
Recharge & bill payments,15263,6611459.8729725825,1,2019,andaman-&-nicobar-islands
Peer-to-peer payments,13119,91808345.86839552,1,2019,andaman-&-nicobar-islands
Merchant payments,1759,3266589.8469614363,1,2019,andaman-&-nicobar-islands
Financial Services,62,116250.43671861099,1,2019,andaman-&-nicobar-islands
Others,283,497094.6484417205,1,2019,andaman-&-nicobar-islands
Recharge & bill payments,14676,7242448.256212333,2,2019,andaman-&-nicobar-islands
Peer-to-peer payments,14481,107525358.66652839,2,2019,andaman-&-nicobar-islands
Merchant payments,4031,4702152.616619372,2,2019,andaman-&-nicobar-islands
Financial Services,124,113278.91371326067,2,2019,andaman-&-nicobar-islands
Others,377,671471.222589792,2,2019,andaman-&-nicobar-islands
Recharge & bill payments,16219,8171737.705916681,3,2019,andaman-&-nicobar-islands
Peer-to-peer payments,13767,101079821.10344611,3,2019,andaman-&-nicobar-islands
Merchant payments,3519,4428734.574846684,3,2019,andaman-&-nicobar-islands
Financial Services,50,158857.94315586874,3,2019,andaman-&-nicobar-islands
Others,215,232624.75992853564,3,2019,andaman-&-nicobar-islands
Peer-to-peer payments,18128,121493224.3075451,4,2019,andaman-&-nicobar-islands
Recharge & bill payments,13851,9538690.916424634,4,2019,andaman-&-nicobar-islands
Merchant payments,2920,5247500.487902376,4,2019,andaman-&-nicobar-islands
Financial Services,60,295937.2110898865,4,2019,andaman-&-nicobar-islands
Others,200,263177.5944158883,4,2019,andaman-&-nicobar-islands
Peer-to-peer payments,18324,142332401.7923477,1,2020,andaman-&-nicobar-islands
Recharge & bill payments,18268,10850414.023977451,1,2020,andaman-&-nicobar-islands
Merchant payments,4424,7752871.558217709,1,2020,andaman-&-nicobar-islands
Financial Services,66,208231.73071652642,1,2020,andaman-&-nicobar-islands
Others,216,332393.19201521645,1,2020,andaman-&-nicobar-islands
Recharge & bill payments,38125,17659622.73418829,2,2020,andaman-&-nicobar-islands
Peer-to-peer payments,20303,141728757.73517442,2,2020,andaman-&-nicobar-islands
Merchant payments,4004,9236375.740471343,2,2020,andaman-&-nicobar-islands
Financial Services,175,706932.1397115812,2,2020,andaman-&-nicobar-islands
Others,355,313313.0646014327,2,2020,andaman-&-nicobar-islands
Recharge & bill payments,59310,24756220.87546935,3,2020,andaman-&-nicobar-islands
Peer-to-peer payments,40697,289078946.7312394,3,2020,andaman-&-nicobar-islands
Merchant payments,16096,22682992.238478817,3,2020,andaman-&-nicobar-islands
Financial Services,572,961836.7129860274,3,2020,andaman-&-nicobar-islands
Others,808,539449.7721868362,3,2020,andaman-&-nicobar-islands
Peer-to-peer payments,81439,533316526.1814983,4,2020,andaman-&-nicobar-islands
Recharge & bill payments,80811,33710030.53438324,4,2020,andaman-&-nicobar-islands
Merchant payments,59391,56867468.94000395,4,2020,andaman-&-nicobar-islands
Financial Services,965,1880546.9672370641,4,2020,andaman-&-nicobar-islands
Others,1925,1508083.6917299272,4,2020,andaman-&-nicobar-islands
Peer-to-peer payments,105458,665391395.715478,1,2021,andaman-&-nicobar-islands
Recharge & bill payments,84119,37160922.86506996,1,2021,andaman-&-nicobar-islands
Merchant payments,53090,78606979.05751458,1,2021,andaman-&-nicobar-islands
Financial Services,884,1469351.0852598653,1,2021,andaman-&-nicobar-islands
Others,1201,1077918.666433228,1,2021,andaman-&-nicobar-islands
Peer-to-peer payments,132772,748382044.7707307,2,2021,andaman-&-nicobar-islands
Recharge & bill payments,120911,43691961.26275121,2,2021,andaman-&-nicobar-islands
Merchant payments,85143,103707408.5090846,2,2021,andaman-&-nicobar-islands
Financial Services,960,2038521.5136710338,2,2021,andaman-&-nicobar-islands
Others,1628,1327080.0560584562,2,2021,andaman-&-nicobar-islands
Peer-to-peer payments,192321,1077787837.156299,3,2021,andaman-&-nicobar-islands
Recharge & bill payments,136010,51243450.85925055,3,2021,andaman-&-nicobar-islands
Merchant payments,118340,176991328.21761322,3,2021,andaman-&-nicobar-islands
Financial Services,990,2351013.441729573,3,2021,andaman-&-nicobar-islands
Others,2103,1650766.1267105162,3,2021,andaman-&-nicobar-islands
Peer-to-peer payments,285778,1544932663.274458,4,2021,andaman-&-nicobar-islands
Merchant payments,210164,322842314.6243375,4,2021,andaman-&-nicobar-islands
Recharge & bill payments,135608,59243518.11464359,4,2021,andaman-&-nicobar-islands
Financial Services,1718,3137965.167474068,4,2021,andaman-&-nicobar-islands
Others,2855,2453640.142743944,4,2021,andaman-&-nicobar-islands
Peer-to-peer payments,342649,1682328505.725447,1,2022,andaman-&-nicobar-islands
Merchant payments,284298,370091558.683733,1,2022,andaman-&-nicobar-islands
Recharge & bill payments,163401,71300133.66101265,1,2022,andaman-&-nicobar-islands
Financial Services,1757,2869682.0229511866,1,2022,andaman-&-nicobar-islands
Others,2643,2440321.9820225406,1,2022,andaman-&-nicobar-islands
Merchant payments,449540,510838980.9061847,2,2022,andaman-&-nicobar-islands
Peer-to-peer payments,437606,2088309073.4552839,2,2022,andaman-&-nicobar-islands
Recharge & bill payments,179515,82232936.61795367,2,2022,andaman-&-nicobar-islands
Financial Services,1448,2089862.3927160464,2,2022,andaman-&-nicobar-islands
Others,3108,2449496.7081265687,2,2022,andaman-&-nicobar-islands
Merchant payments,716105,693438186.2965411,3,2022,andaman-&-nicobar-islands
Peer-to-peer payments,622217,2514535154.56483,3,2022,andaman-&-nicobar-islands
Recharge & bill payments,240766,97748065.62714244,3,2022,andaman-&-nicobar-islands
Financial Services,1814,2166304.9779766416,3,2022,andaman-&-nicobar-islands
Others,3477,2744060.670897343,3,2022,andaman-&-nicobar-islands
Merchant payments,956536,906365300.658504,4,2022,andaman-&-nicobar-islands
Peer-to-peer payments,768758,2961630584.8271313,4,2022,andaman-&-nicobar-islands
Recharge & bill payments,256050,110037119.6694117,4,2022,andaman-&-nicobar-islands
Financial Services,2499,3533987.2301130476,4,2022,andaman-&-nicobar-islands
Others,3692,3107412.043626394,4,2022,andaman-&-nicobar-islands
Recharge & bill payments,5027448,892293975.6698563,1,2018,andhra-pradesh
Peer-to-peer payments,3049646,10524250283.17878,1,2018,andhra-pradesh
Merchant payments,362672,247297640.2400068,1,2018,andhra-pradesh
Financial Services,204305,44808449.7639544,1,2018,andhra-pradesh
Others,395514,287626042.970705,1,2018,andhra-pradesh
Recharge & bill payments,6456387,1598591488.488035,2,2018,andhra-pradesh
Peer-to-peer payments,4745000,20451493098.895298,2,2018,andhra-pradesh
Merchant payments,604847,436785223.86032957,2,2018,andhra-pradesh
Financial Services,225621,68952114.81374599,2,2018,andhra-pradesh
Others,322063,328092346.575651,2,2018,andhra-pradesh
Peer-to-peer payments,16129591,32738630444.66872,3,2018,andhra-pradesh
Recharge & bill payments,7542005,1949098146.8941922,3,2018,andhra-pradesh
Merchant payments,1225416,685277254.5076212,3,2018,andhra-pradesh
Financial Services,380324,60790077.57437308,3,2018,andhra-pradesh
Others,348725,284248675.5700202,3,2018,andhra-pradesh
Peer-to-peer payments,17580086,47011639726.136086,4,2018,andhra-pradesh
Recharge & bill payments,9767083,2418164314.470957,4,2018,andhra-pradesh
Merchant payments,2622131,1671585888.5682561,4,2018,andhra-pradesh
Financial Services,400837,57178116.40322068,4,2018,andhra-pradesh
Others,389411,315211361.2624941,4,2018,andhra-pradesh
Peer-to-peer payments,37420988,77524329742.2595,1,2019,andhra-pradesh
Recharge & bill payments,14022264,3480641602.3771367,1,2019,andhra-pradesh
Merchant payments,5043682,2423536770.370634,1,2019,andhra-pradesh
Financial Services,416325,47150177.52982048,1,2019,andhra-pradesh
Others,361263,284937624.53930193,1,2019,andhra-pradesh
Peer-to-peer payments,32494402,103924649232.4702,2,2019,andhra-pradesh
Recharge & bill payments,14093964,4708345387.910109,2,2019,andhra-pradesh
Merchant payments,9226537,4613405202.681959,2,2019,andhra-pradesh
Financial Services,145310,26626696.77104253,2,2019,andhra-pradesh
Others,448802,361492238.3966455,2,2019,andhra-pradesh
Peer-to-peer payments,39023491,124338645329.5153,3,2019,andhra-pradesh
Recharge & bill payments,20147629,6893984676.5989065,3,2019,andhra-pradesh
Merchant payments,16581787,7887394038.066369,3,2019,andhra-pradesh
Financial Services,122270,29778183.02708044,3,2019,andhra-pradesh
Others,413437,298142027.5862577,3,2019,andhra-pradesh
Peer-to-peer payments,57181511,178893550050.6875,4,2019,andhra-pradesh
Merchant payments,25122370,13476303367.50486,4,2019,andhra-pradesh
Recharge & bill payments,24469888,8335168605.691999,4,2019,andhra-pradesh
Financial Services,105662,26796571.745749153,4,2019,andhra-pradesh
Others,338672,216496893.1610287,4,2019,andhra-pradesh
Peer-to-peer payments,65452143,223088554055.0475,1,2020,andhra-pradesh
Merchant payments,31408022,18603161784.49699,1,2020,andhra-pradesh
Recharge & bill payments,30449644,10813530777.97353,1,2020,andhra-pradesh
Financial Services,75238,43739133.169823855,1,2020,andhra-pradesh
Others,292310,188228538.3748976,1,2020,andhra-pradesh
Peer-to-peer payments,73609921,262731724130.7907,2,2020,andhra-pradesh
Recharge & bill payments,41013987,16991006436.573462,2,2020,andhra-pradesh
Merchant payments,29976765,22625596525.442688,2,2020,andhra-pradesh
Financial Services,140941,145274999.1567963,2,2020,andhra-pradesh
Others,176241,90087654.60009979,2,2020,andhra-pradesh
Peer-to-peer payments,106791894,406461788252.3205,3,2020,andhra-pradesh
Merchant payments,54055557,40739580213.86052,3,2020,andhra-pradesh
Recharge & bill payments,43500067,19475104674.82717,3,2020,andhra-pradesh
Financial Services,243088,256074924.7187529,3,2020,andhra-pradesh
Others,312329,151582519.1813668,3,2020,andhra-pradesh
Peer-to-peer payments,152003791,566639138543.7709,4,2020,andhra-pradesh
Merchant payments,86581460,66654048149.951675,4,2020,andhra-pradesh
Recharge & bill payments,46810304,20936337211.55774,4,2020,andhra-pradesh
Financial Services,265470,305168772.45601684,4,2020,andhra-pradesh
Others,457527,306853355.594738,4,2020,andhra-pradesh
Peer-to-peer payments,149313738,580542193013.0018,1,2021,andhra-pradesh
Merchant payments,97920281,70813192713.43477,1,2021,andhra-pradesh
Recharge & bill payments,41940689,20546424964.144817,1,2021,andhra-pradesh
Financial Services,225355,270313028.4845201,1,2021,andhra-pradesh
Others,347907,272546457.5502677,1,2021,andhra-pradesh
Peer-to-peer payments,189614879,737004484057.439,2,2021,andhra-pradesh
Merchant payments,112875274,88512429436.91249,2,2021,andhra-pradesh
Recharge & bill payments,49626902,24646800345.106968,2,2021,andhra-pradesh
Financial Services,243237,265483044.4012466,2,2021,andhra-pradesh
Others,406842,308302224.3856007,2,2021,andhra-pradesh
Peer-to-peer payments,221280317,837841124664.307,3,2021,andhra-pradesh
Merchant payments,158290953,118164377968.1675,3,2021,andhra-pradesh
Recharge & bill payments,51702350,27511344958.24361,3,2021,andhra-pradesh
Financial Services,211171,297239697.8307386,3,2021,andhra-pradesh
Others,547759,403948275.5675607,3,2021,andhra-pradesh
Peer-to-peer payments,262006450,971269765249.1283,4,2021,andhra-pradesh
Merchant payments,207538904,152883933596.5386,4,2021,andhra-pradesh
Recharge & bill payments,51762842,31232784713.98579,4,2021,andhra-pradesh
Financial Services,243951,332740108.6635881,4,2021,andhra-pradesh
Others,701856,545223415.6638832,4,2021,andhra-pradesh
Peer-to-peer payments,288488560,1089629182596.4779,1,2022,andhra-pradesh
Merchant payments,242031836,169419685917.19562,1,2022,andhra-pradesh
Recharge & bill payments,51224170,34473036841.83001,1,2022,andhra-pradesh
Financial Services,231651,324358965.1185906,1,2022,andhra-pradesh
Others,627694,474382234.25397474,1,2022,andhra-pradesh
Peer-to-peer payments,321362337,1231408926513.711,2,2022,andhra-pradesh
Merchant payments,292530048,205433660654.20892,2,2022,andhra-pradesh
Recharge & bill payments,56606969,42408541939.06145,2,2022,andhra-pradesh
Financial Services,192751,245783011.0445526,2,2022,andhra-pradesh
Others,441925,357036084.9071137,2,2022,andhra-pradesh
Peer-to-peer payments,298804000,1140164525892.739,3,2022,andhra-pradesh
Merchant payments,291033653,202910820650.0824,3,2022,andhra-pradesh
Recharge & bill payments,52467708,41438764826.203224,3,2022,andhra-pradesh
Financial Services,187190,239347241.5465504,3,2022,andhra-pradesh
Others,362484,323951101.5715289,3,2022,andhra-pradesh
Merchant payments,321632104,211898851397.0984,4,2022,andhra-pradesh
Peer-to-peer payments,315734006,1170249585983.011,4,2022,andhra-pradesh
Recharge & bill payments,52098850,41986837706.47902,4,2022,andhra-pradesh
Financial Services,206459,250596592.06465042,4,2022,andhra-pradesh
Others,345658,339211363.0027188,4,2022,andhra-pradesh
Recharge & bill payments,28729,5184132.514934338,1,2018,arunachal-pradesh
Peer-to-peer payments,13320,82889682.72418305,1,2018,arunachal-pradesh
Merchant payments,1042,2420374.1905855755,1,2018,arunachal-pradesh
Financial Services,416,58893.76201533088,1,2018,arunachal-pradesh
Others,1990,1834252.8176908877,1,2018,arunachal-pradesh
Recharge & bill payments,50700,10468878.53710718,2,2018,arunachal-pradesh
Peer-to-peer payments,26477,181576281.1946475,2,2018,arunachal-pradesh
Merchant payments,2378,4718953.439561011,2,2018,arunachal-pradesh
Financial Services,559,363761.80159549194,2,2018,arunachal-pradesh
Others,2043,1842317.3691352482,2,2018,arunachal-pradesh
Recharge & bill payments,74122,15997565.906016491,3,2018,arunachal-pradesh
Peer-to-peer payments,49740,308106303.4534257,3,2018,arunachal-pradesh
Merchant payments,4738,5505694.567913429,3,2018,arunachal-pradesh
Financial Services,507,72133.845254878,3,2018,arunachal-pradesh
Others,2039,2044708.9687807972,3,2018,arunachal-pradesh
Recharge & bill payments,97751,20662691.88231327,4,2018,arunachal-pradesh
Peer-to-peer payments,68169,468831493.23280364,4,2018,arunachal-pradesh
Merchant payments,7726,11998974.1040326,4,2018,arunachal-pradesh
Financial Services,561,100597.90379906222,4,2018,arunachal-pradesh
Others,2222,2446271.9688117937,4,2018,arunachal-pradesh
Recharge & bill payments,121303,26796894.99823331,1,2019,arunachal-pradesh
Peer-to-peer payments,93494,568554821.4456317,1,2019,arunachal-pradesh
Merchant payments,9214,11727218.401334241,1,2019,arunachal-pradesh
Financial Services,256,140622.87093631705,1,2019,arunachal-pradesh
Others,2239,2730548.5978140826,1,2019,arunachal-pradesh
Recharge & bill payments,131988,30420803.41271234,2,2019,arunachal-pradesh
Peer-to-peer payments,106527,704237943.4054435,2,2019,arunachal-pradesh
Merchant payments,16828,13955724.13071291,2,2019,arunachal-pradesh
Financial Services,267,160660.8821362781,2,2019,arunachal-pradesh
Others,3046,3880742.524023137,2,2019,arunachal-pradesh
Recharge & bill payments,216228,50946104.94289842,3,2019,arunachal-pradesh
Peer-to-peer payments,133484,841037395.2474606,3,2019,arunachal-pradesh
Merchant payments,16900,17178248.07427002,3,2019,arunachal-pradesh
Financial Services,864,64089.11350267195,3,2019,arunachal-pradesh
Others,2758,3419197.4177385764,3,2019,arunachal-pradesh
Recharge & bill payments,259183,63516906.09060433,4,2019,arunachal-pradesh
Peer-to-peer payments,177833,1100137447.934045,4,2019,arunachal-pradesh
Merchant payments,19769,23192271.69157681,4,2019,arunachal-pradesh
Financial Services,314,305379.7987782319,4,2019,arunachal-pradesh
Others,2376,3421174.01227797,4,2019,arunachal-pradesh
Recharge & bill payments,329834,86011654.77474582,1,2020,arunachal-pradesh
Peer-to-peer payments,203429,1263912288.406636,1,2020,arunachal-pradesh
Merchant payments,31181,28553052.13391879,1,2020,arunachal-pradesh
Financial Services,470,337812.94816169393,1,2020,arunachal-pradesh
Others,2261,2943873.0666838237,1,2020,arunachal-pradesh
Recharge & bill payments,522495,145198528.2296113,2,2020,arunachal-pradesh
Peer-to-peer payments,247861,1630654426.044183,2,2020,arunachal-pradesh
Merchant payments,35169,46446966.61244751,2,2020,arunachal-pradesh
Financial Services,1310,2655507.6964110374,2,2020,arunachal-pradesh
Others,1939,1761404.4023099935,2,2020,arunachal-pradesh
Recharge & bill payments,514907,153463816.2118439,3,2020,arunachal-pradesh
Peer-to-peer payments,370418,2361603431.37578,3,2020,arunachal-pradesh
Merchant payments,72736,88145178.69272713,3,2020,arunachal-pradesh
Financial Services,1761,4030599.9171272423,3,2020,arunachal-pradesh
Others,3005,2695539.3607389224,3,2020,arunachal-pradesh
Peer-to-peer payments,522019,3254744938.410562,4,2020,arunachal-pradesh
Recharge & bill payments,513895,152389181.2174306,4,2020,arunachal-pradesh
Merchant payments,167387,156682926.023846,4,2020,arunachal-pradesh
Financial Services,1749,2391651.8783250954,4,2020,arunachal-pradesh
Others,4079,4055324.315454754,4,2020,arunachal-pradesh
Peer-to-peer payments,566209,3460488558.9436502,1,2021,arunachal-pradesh
Recharge & bill payments,450649,142358376.9003836,1,2021,arunachal-pradesh
Merchant payments,155966,204958020.08914977,1,2021,arunachal-pradesh
Financial Services,1558,2672460.4740365944,1,2021,arunachal-pradesh
Others,3074,3301662.6094231335,1,2021,arunachal-pradesh
Peer-to-peer payments,762946,4000960152.0755486,2,2021,arunachal-pradesh
Recharge & bill payments,556680,165579844.2510589,2,2021,arunachal-pradesh
Merchant payments,243375,283709438.5363142,2,2021,arunachal-pradesh
Financial Services,1582,2761076.7934988844,2,2021,arunachal-pradesh
Others,3755,3415105.3379601175,2,2021,arunachal-pradesh
Peer-to-peer payments,986088,5033603845.032885,3,2021,arunachal-pradesh
Recharge & bill payments,600102,187390578.30403772,3,2021,arunachal-pradesh
Merchant payments,314658,449869060.7842621,3,2021,arunachal-pradesh
Financial Services,1934,3348547.8272713376,3,2021,arunachal-pradesh
Others,4185,3912143.3503634185,3,2021,arunachal-pradesh
Peer-to-peer payments,1227616,6022733378.120082,4,2021,arunachal-pradesh
Recharge & bill payments,633248,207784816.33218512,4,2021,arunachal-pradesh
Merchant payments,521447,704195694.9939187,4,2021,arunachal-pradesh
Financial Services,2386,3933557.2795471298,4,2021,arunachal-pradesh
Others,5901,4862905.885615055,4,2021,arunachal-pradesh
Peer-to-peer payments,1403584,6670641250.459451,1,2022,arunachal-pradesh
Merchant payments,720803,917155358.7177179,1,2022,arunachal-pradesh
Recharge & bill payments,670576,231933129.00412327,1,2022,arunachal-pradesh
Financial Services,3053,3359625.792926075,1,2022,arunachal-pradesh
Others,6052,5002264.113148138,1,2022,arunachal-pradesh
Peer-to-peer payments,1751568,7627061474.687716,2,2022,arunachal-pradesh
Merchant payments,1108353,1255513517.363942,2,2022,arunachal-pradesh
Recharge & bill payments,688770,241162643.1948015,2,2022,arunachal-pradesh
Financial Services,2466,4063469.0998270046,2,2022,arunachal-pradesh
Others,5768,3864269.879579009,2,2022,arunachal-pradesh
Peer-to-peer payments,1967086,7365427284.274203,3,2022,arunachal-pradesh
Merchant payments,1316326,1413247143.488991,3,2022,arunachal-pradesh
Recharge & bill payments,649322,238448083.8077975,3,2022,arunachal-pradesh
Financial Services,1997,4763324.776043448,3,2022,arunachal-pradesh
Others,4687,3224948.7015704075,3,2022,arunachal-pradesh
Peer-to-peer payments,2251135,7768088687.67791,4,2022,arunachal-pradesh
Merchant payments,1704968,1669602212.917463,4,2022,arunachal-pradesh
Recharge & bill payments,669151,239412553.6121468,4,2022,arunachal-pradesh
Financial Services,2617,3785469.3993366556,4,2022,arunachal-pradesh
Others,4838,4020773.8953960314,4,2022,arunachal-pradesh
Recharge & bill payments,632092,93491181.14056379,1,2018,assam
Peer-to-peer payments,318025,993525195.9818655,1,2018,assam
Merchant payments,40482,34501622.892667554,1,2018,assam
Financial Services,18172,4936862.200688562,1,2018,assam
Others,48110,31349593.99668264,1,2018,assam
Recharge & bill payments,984160,174427478.213408,2,2018,assam
Peer-to-peer payments,530781,2064314053.1339972,2,2018,assam
Merchant payments,79307,73366344.80739225,2,2018,assam
Financial Services,22773,7051504.657611102,2,2018,assam
Others,46852,31425754.72538605,2,2018,assam
Recharge & bill payments,1275136,254569069.32411742,3,2018,assam
Peer-to-peer payments,843571,3424136709.50882,3,2018,assam
Merchant payments,159532,96783839.37466942,3,2018,assam
Financial Services,22677,4741123.821880115,3,2018,assam
Others,50935,30904247.88478589,3,2018,assam
Recharge & bill payments,1703488,317661277.3470997,4,2018,assam
Peer-to-peer payments,1279089,5284776455.070784,4,2018,assam
Merchant payments,667293,240563395.2777939,4,2018,assam
Financial Services,28035,6331912.52655252,4,2018,assam
Others,56267,38689818.79087821,4,2018,assam
Recharge & bill payments,1993220,400281677.9438284,1,2019,assam
Peer-to-peer payments,1976310,7291433300.700248,1,2019,assam
Merchant payments,494871,266644645.7492942,1,2019,assam
Financial Services,20162,4612454.1127945455,1,2019,assam
Others,48442,39127457.94468763,1,2019,assam
Recharge & bill payments,2512932,539315772.8606573,2,2019,assam
Peer-to-peer payments,2293770,10035232820.852959,2,2019,assam
Merchant payments,573646,326844709.5879724,2,2019,assam
Financial Services,13654,4037222.414240564,2,2019,assam
Others,60927,49538663.41037582,2,2019,assam
Peer-to-peer payments,2713539,11835800855.17655,3,2019,assam
Recharge & bill payments,2645302,639885372.7480905,3,2019,assam
Merchant payments,513728,421380275.4207429,3,2019,assam
Financial Services,8606,6403456.344768786,3,2019,assam
Others,61396,46973660.73634353,3,2019,assam
Peer-to-peer payments,3222143,14083346879.36185,4,2019,assam
Recharge & bill payments,2937800,704118873.9720939,4,2019,assam
Merchant payments,544053,456318130.082201,4,2019,assam
Financial Services,9621,3492255.0860687294,4,2019,assam
Others,46893,34707757.00985589,4,2019,assam
Peer-to-peer payments,4058740,18977446151.76882,1,2020,assam
Recharge & bill payments,3897975,971722606.1579468,1,2020,assam
Merchant payments,792646,675423852.9512749,1,2020,assam
Financial Services,10173,7054325.507515656,1,2020,assam
Others,49326,36781411.34368035,1,2020,assam
Recharge & bill payments,6045321,1612522828.716347,2,2020,assam
Peer-to-peer payments,3648386,17358374071.26616,2,2020,assam
Merchant payments,742400,749018053.2400584,2,2020,assam
Financial Services,19814,18130004.68767226,2,2020,assam
Others,49278,28255168.009208795,2,2020,assam
Peer-to-peer payments,5637893,26646565777.439194,3,2020,assam
Recharge & bill payments,5292154,1627282415.945187,3,2020,assam
Merchant payments,1383230,1492484153.387315,3,2020,assam
Financial Services,24954,28452966.02637225,3,2020,assam
Others,59480,36605946.74600269,3,2020,assam
Peer-to-peer payments,7538478,36013292450.81438,4,2020,assam
Recharge & bill payments,5383505,1662189124.417745,4,2020,assam
Merchant payments,2392184,2466913305.59039,4,2020,assam
Financial Services,29764,32314809.97526103,4,2020,assam
Others,79523,51901628.46643049,4,2020,assam
Peer-to-peer payments,9449096,45476079487.104645,1,2021,assam
Recharge & bill payments,6494111,2103017761.5465329,1,2021,assam
Merchant payments,3459132,3657261586.200161,1,2021,assam
Financial Services,34049,41291047.383212395,1,2021,assam
Others,75672,48814663.88782827,1,2021,assam
Peer-to-peer payments,11668399,51521387890.612526,2,2021,assam
Recharge & bill payments,9058005,2657676415.2458973,2,2021,assam
Merchant payments,4562669,4914753140.040101,2,2021,assam
Financial Services,49671,46106001.4981417,2,2021,assam
Others,94161,52549929.26715793,2,2021,assam
Peer-to-peer payments,15617592,64131823895.23546,3,2021,assam
Recharge & bill payments,10284267,3248364164.198426,3,2021,assam
Merchant payments,7431371,8208706348.034584,3,2021,assam
Financial Services,39479,43889820.49598975,3,2021,assam
Others,131732,67715045.34317216,3,2021,assam
Peer-to-peer payments,21393962,86801625126.53499,4,2021,assam
Merchant payments,12895755,13378765005.90518,4,2021,assam
Recharge & bill payments,11484376,3842004488.3733187,4,2021,assam
Financial Services,60724,65456475.82619133,4,2021,assam
Others,185544,97116796.57575196,4,2021,assam
Peer-to-peer payments,27156085,108855352347.44861,1,2022,assam
Merchant payments,19011883,18833132506.02235,1,2022,assam
Recharge & bill payments,12474674,4424035840.366192,1,2022,assam
Financial Services,68432,73257991.39188361,1,2022,assam
Others,178812,94659207.47378007,1,2022,assam
Peer-to-peer payments,33879530,123829913105.31839,2,2022,assam
Merchant payments,28377534,24333260089.82686,2,2022,assam
Recharge & bill payments,13858113,4814695679.877083,2,2022,assam
Financial Services,50785,55549153.74320389,2,2022,assam
Others,168763,77624058.0178437,2,2022,assam
Peer-to-peer payments,37000266,127264703851.96631,3,2022,assam
Merchant payments,34935460,28789992307.1612,3,2022,assam
Recharge & bill payments,13974568,5295136932.037907,3,2022,assam
Financial Services,65066,62882386.459812224,3,2022,assam
Others,138451,76363577.2732331,3,2022,assam
Peer-to-peer payments,44828832,150693397669.1831,4,2022,assam
Merchant payments,43605784,36033810141.57484,4,2022,assam
Recharge & bill payments,15344794,5773980885.270762,4,2022,assam
Financial Services,74414,75960367.91633397,4,2022,assam
Others,127443,76370123.60102956,4,2022,assam
Recharge & bill payments,3159922,375559206.7727593,1,2018,bihar
Peer-to-peer payments,2052089,5295346761.4508295,1,2018,bihar
Financial Services,194295,33999413.87739952,1,2018,bihar
Merchant payments,138885,139827755.73655012,1,2018,bihar
Others,279111,201025034.1796018,1,2018,bihar
Recharge & bill payments,4346849,700649777.0602969,2,2018,bihar
Peer-to-peer payments,3447898,12141448845.07762,2,2018,bihar
Merchant payments,311487,318571872.8216527,2,2018,bihar
Financial Services,267433,45332532.09643286,2,2018,bihar
Others,258711,300128082.61604583,2,2018,bihar
Peer-to-peer payments,8893764,18695889187.89432,3,2018,bihar
Recharge & bill payments,4401439,804061398.5166464,3,2018,bihar
Merchant payments,586862,367608510.7261781,3,2018,bihar
Financial Services,274510,33276460.45213346,3,2018,bihar
Others,211229,234968821.3120635,3,2018,bihar
Peer-to-peer payments,8094296,26224303882.80399,4,2018,bihar
Recharge & bill payments,5469096,986310785.0093702,4,2018,bihar
Merchant payments,1680664,848968693.0665623,4,2018,bihar
Financial Services,237247,36199427.51318769,4,2018,bihar
Others,251098,302214380.1845841,4,2018,bihar
Peer-to-peer payments,16807040,38824078062.32093,1,2019,bihar
Recharge & bill payments,7036367,1333688182.5386739,1,2019,bihar
Merchant payments,2055267,1024996999.52793,1,2019,bihar
Financial Services,204689,28599535.73440934,1,2019,bihar
Others,252871,291464734.4043106,1,2019,bihar
Peer-to-peer payments,15837449,58381285240.80835,2,2019,bihar
Recharge & bill payments,9279442,1996804238.274975,2,2019,bihar
Merchant payments,4365465,2308145849.844257,2,2019,bihar
Financial Services,129603,63338108.53755434,2,2019,bihar
Others,348520,382864846.0767575,2,2019,bihar
Peer-to-peer payments,15446119,61831776093.09613,3,2019,bihar
Recharge & bill payments,9115040,2140566974.7056367,3,2019,bihar
Merchant payments,7206001,3413490288.313707,3,2019,bihar
Financial Services,89997,20145460.42764103,3,2019,bihar
Others,282743,286804437.7358033,3,2019,bihar
Peer-to-peer payments,26337842,86340631422.24606,4,2019,bihar
Recharge & bill payments,11358597,2649616529.830146,4,2019,bihar
Merchant payments,5519582,4177574379.0405846,4,2019,bihar
Financial Services,100192,18815964.76179212,4,2019,bihar
Others,214101,126788281.9306988,4,2019,bihar
Peer-to-peer payments,23163922,99873688132.90309,1,2020,bihar
Recharge & bill payments,13837430,3680590624.90061,1,2020,bihar
Merchant payments,7822567,5562692116.5708065,1,2020,bihar
Financial Services,57233,23954789.407903697,1,2020,bihar
Others,200663,115927863.4636658,1,2020,bihar
Peer-to-peer payments,26572651,116244368941.33601,2,2020,bihar
Recharge & bill payments,19522564,5642294772.453551,2,2020,bihar
Merchant payments,7011681,6760404421.62296,2,2020,bihar
Financial Services,73119,54077813.26068059,2,2020,bihar
Others,206727,105377680.1707557,2,2020,bihar
Peer-to-peer payments,37294332,153664683751.5327,3,2020,bihar
Recharge & bill payments,19027978,6313780616.601829,3,2020,bihar
Merchant payments,14777337,13111735855.02769,3,2020,bihar
Financial Services,104135,81355476.16367023,3,2020,bihar
Others,299966,157309412.49242482,3,2020,bihar
Peer-to-peer payments,49432098,208484557891.4286,4,2020,bihar
Merchant payments,26750991,23185594534.30522,4,2020,bihar
Recharge & bill payments,19908687,6926960996.688756,4,2020,bihar
Financial Services,119416,100785736.00790758,4,2020,bihar
Others,380481,207713978.0422387,4,2020,bihar
Peer-to-peer payments,58566582,242013312361.31097,1,2021,bihar
Merchant payments,33959313,30171144593.36987,1,2021,bihar
Recharge & bill payments,21974086,8505455545.448765,1,2021,bihar
Financial Services,124277,112949858.2502867,1,2021,bihar
Others,308219,170787342.84811792,1,2021,bihar
Peer-to-peer payments,78694099,319758683264.15344,2,2021,bihar
Merchant payments,44686786,43458914639.771385,2,2021,bihar
Recharge & bill payments,31646149,11030849713.50242,2,2021,bihar
Financial Services,149791,116086345.9130171,2,2021,bihar
Others,426797,215721223.23864052,2,2021,bihar
Peer-to-peer payments,92785704,331514102784.2631,3,2021,bihar
Merchant payments,64094961,53849745604.9643,3,2021,bihar
Recharge & bill payments,30081746,11327303470.019909,3,2021,bihar
Financial Services,135748,130349071.6190198,3,2021,bihar
Others,572954,241260025.5456988,3,2021,bihar
Peer-to-peer payments,117340712,423665098014.2792,4,2021,bihar
Merchant payments,95992559,81729122295.53772,4,2021,bihar
Recharge & bill payments,30824177,13438634948.21264,4,2021,bihar
Financial Services,186298,173358268.8208331,4,2021,bihar
Others,783199,365400541.9114517,4,2021,bihar
Peer-to-peer payments,138085265,500024806542.69324,1,2022,bihar
Merchant payments,114892163,95507710275.50963,1,2022,bihar
Recharge & bill payments,30545266,15431605247.390362,1,2022,bihar
Financial Services,169722,148088975.2289656,1,2022,bihar
Others,698018,299484690.3236611,1,2022,bihar
Peer-to-peer payments,164119431,610448610667.7207,2,2022,bihar
Merchant payments,158289353,126423430586.4294,2,2022,bihar
Recharge & bill payments,36950622,17225668601.94898,2,2022,bihar
Financial Services,124199,116203820.9113148,2,2022,bihar
Others,661424,247541289.12967214,2,2022,bihar
Merchant payments,198273336,137873615624.7293,3,2022,bihar
Peer-to-peer payments,192304951,632747186972.1919,3,2022,bihar
Recharge & bill payments,46044353,20417791249.028313,3,2022,bihar
Financial Services,179533,161987346.1868727,3,2022,bihar
Others,565212,245905365.7791165,3,2022,bihar
Merchant payments,243777692,172924170171.63202,4,2022,bihar
Peer-to-peer payments,225487662,739870172148.0806,4,2022,bihar
Recharge & bill payments,47054083,22729599211.247627,4,2022,bihar
Financial Services,205989,199208429.5113938,4,2022,bihar
Others,559223,288999714.3604311,4,2022,bihar
Recharge & bill payments,201262,47479581.16264416,1,2018,chandigarh
Peer-to-peer payments,135136,527998849.3405593,1,2018,chandigarh
Merchant payments,21431,19477066.53327671,1,2018,chandigarh
Financial Services,8473,1865618.249949839,1,2018,chandigarh
Others,15593,16614305.581193212,1,2018,chandigarh
Recharge & bill payments,224548,76722906.67871952,2,2018,chandigarh
Peer-to-peer payments,194627,835296156.4220203,2,2018,chandigarh
Merchant payments,34606,29408471.50633327,2,2018,chandigarh
Financial Services,11927,3679451.8635118967,2,2018,chandigarh
Others,13376,16116275.27414421,2,2018,chandigarh
Peer-to-peer payments,295358,1217617705.9681761,3,2018,chandigarh
Recharge & bill payments,236445,100639674.6708905,3,2018,chandigarh
Merchant payments,64998,37560565.97386869,3,2018,chandigarh
Financial Services,7642,1302311.5967954171,3,2018,chandigarh
Others,12493,12234189.32458079,3,2018,chandigarh
Peer-to-peer payments,431461,1793871702.31964,4,2018,chandigarh
Recharge & bill payments,310527,128130475.99274202,4,2018,chandigarh
Merchant payments,135266,94010713.60616028,4,2018,chandigarh
Financial Services,10008,2039811.3372037038,4,2018,chandigarh
Others,17854,14538888.5242277,4,2018,chandigarh
Peer-to-peer payments,689400,2123866601.651375,1,2019,chandigarh
Recharge & bill payments,390610,161414934.1023837,1,2019,chandigarh
Merchant payments,169984,97230471.44089967,1,2019,chandigarh
Financial Services,7412,917030.9066760786,1,2019,chandigarh
Others,17070,12603012.34269331,1,2019,chandigarh
Peer-to-peer payments,604849,2339922407.523348,2,2019,chandigarh
Recharge & bill payments,342294,185659011.54417652,2,2019,chandigarh
Merchant payments,277811,152766864.6619033,2,2019,chandigarh
Financial Services,5590,839765.161351582,2,2019,chandigarh
Others,21926,13928050.05367653,2,2019,chandigarh
Peer-to-peer payments,722233,2815184152.804132,3,2019,chandigarh
Merchant payments,447069,226535908.8355719,3,2019,chandigarh
Recharge & bill payments,308219,213884900.47217813,3,2019,chandigarh
Financial Services,2447,794918.674981478,3,2019,chandigarh
Others,26575,13282206.87397679,3,2019,chandigarh
Peer-to-peer payments,927850,3586763928.6423693,4,2019,chandigarh
Merchant payments,561630,318692521.7922494,4,2019,chandigarh
Recharge & bill payments,338203,237695594.96329552,4,2019,chandigarh
Financial Services,1911,654298.6785004465,4,2019,chandigarh
Others,21321,8707473.86293627,4,2019,chandigarh
Peer-to-peer payments,1087401,4421372542.468033,1,2020,chandigarh
Merchant payments,764832,438193845.45277053,1,2020,chandigarh
Recharge & bill payments,389851,257250007.24455768,1,2020,chandigarh
Financial Services,1574,1406138.1883251297,1,2020,chandigarh
Others,18853,8230536.662513691,1,2020,chandigarh
Peer-to-peer payments,766698,3293060119.5471582,2,2020,chandigarh
Merchant payments,390906,331423259.0003719,2,2020,chandigarh
Recharge & bill payments,361577,214425229.3354035,2,2020,chandigarh
Financial Services,1797,3982005.1176844486,2,2020,chandigarh
Others,7032,4125116.689457224,2,2020,chandigarh
Peer-to-peer payments,981986,4178346395.4124923,3,2020,chandigarh
Merchant payments,796634,604271248.9262259,3,2020,chandigarh
Recharge & bill payments,366353,296964794.9657042,3,2020,chandigarh
Financial Services,2643,5254415.457263877,3,2020,chandigarh
Others,10470,4972498.603385328,3,2020,chandigarh
Merchant payments,1322026,939307675.8510207,4,2020,chandigarh
Peer-to-peer payments,1159377,4872318731.339843,4,2020,chandigarh
Recharge & bill payments,409997,320731281.94750684,4,2020,chandigarh
Financial Services,3346,4400109.748752326,4,2020,chandigarh
Others,17970,10005102.462219939,4,2020,chandigarh
Merchant payments,1799072,1210594490.098149,1,2021,chandigarh
Peer-to-peer payments,1472084,5916467167.303293,1,2021,chandigarh
Recharge & bill payments,678396,451109555.3388933,1,2021,chandigarh
Financial Services,5111,7700394.761505902,1,2021,chandigarh
Others,15574,10549252.04415386,1,2021,chandigarh
Merchant payments,1926913,1390989390.778968,2,2021,chandigarh
Peer-to-peer payments,1663559,6541132352.922334,2,2021,chandigarh
Recharge & bill payments,806710,467698864.66720563,2,2021,chandigarh
Financial Services,5502,7394941.032842191,2,2021,chandigarh
Others,14863,10458390.534755519,2,2021,chandigarh
Merchant payments,3179506,2245390329.204789,3,2021,chandigarh
Peer-to-peer payments,2434417,8927868098.340746,3,2021,chandigarh
Recharge & bill payments,1008585,620437997.3899603,3,2021,chandigarh
Financial Services,5700,7960844.903971832,3,2021,chandigarh
Others,21170,14225734.853836149,3,2021,chandigarh
Merchant payments,4056249,3041038519.823397,4,2021,chandigarh
Peer-to-peer payments,2797561,10610461952.107151,4,2021,chandigarh
Recharge & bill payments,1013153,693790747.2429855,4,2021,chandigarh
Financial Services,7038,10459431.863661801,4,2021,chandigarh
Others,24902,17832859.58125159,4,2021,chandigarh
Merchant payments,4511757,3264574793.4564347,1,2022,chandigarh
Peer-to-peer payments,3012464,11150701028.60572,1,2022,chandigarh
Recharge & bill payments,1046187,731347957.2152067,1,2022,chandigarh
Financial Services,7228,13538635.5629482,1,2022,chandigarh
Others,22855,14829134.99968666,1,2022,chandigarh
Merchant payments,6136803,3919372475.560565,2,2022,chandigarh
Peer-to-peer payments,3489382,12549248085.111439,2,2022,chandigarh
Recharge & bill payments,1119367,792957088.5933374,2,2022,chandigarh
Financial Services,6673,8943857.181076445,2,2022,chandigarh
Others,20264,12978651.92456994,2,2022,chandigarh
Merchant payments,7665907,4713972532.82215,3,2022,chandigarh
Peer-to-peer payments,4423590,14788179156.48195,3,2022,chandigarh
Recharge & bill payments,1360342,1033530639.936082,3,2022,chandigarh
Financial Services,8868,9918740.020967592,3,2022,chandigarh
Others,19466,14156668.14469164,3,2022,chandigarh
Merchant payments,10170372,6570336079.954211,4,2022,chandigarh
Peer-to-peer payments,5951989,20013621495.89691,4,2022,chandigarh
Recharge & bill payments,1749647,1267654269.159074,4,2022,chandigarh
Financial Services,10778,12000766.356404979,4,2022,chandigarh
Others,22054,16141955.57281622,4,2022,chandigarh
Recharge & bill payments,1177618,206518662.810148,1,2018,chhattisgarh
Peer-to-peer payments,550697,1838238336.1663632,1,2018,chhattisgarh
Merchant payments,42411,39708474.15869055,1,2018,chhattisgarh
Financial Services,33002,7350624.274461515,1,2018,chhattisgarh
Others,87786,57339459.82710209,1,2018,chhattisgarh
Recharge & bill payments,1643461,351709628.0901169,2,2018,chhattisgarh
Peer-to-peer payments,933066,3703114547.658351,2,2018,chhattisgarh
Merchant payments,118438,129967815.18510851,2,2018,chhattisgarh
Financial Services,40299,9405941.62707696,2,2018,chhattisgarh
Others,80892,69972510.60099621,2,2018,chhattisgarh
Recharge & bill payments,1911374,443460556.7759034,3,2018,chhattisgarh
Peer-to-peer payments,1619886,5647949187.747949,3,2018,chhattisgarh
Merchant payments,220572,145342066.0137747,3,2018,chhattisgarh
Financial Services,31927,6195179.156999446,3,2018,chhattisgarh
Others,75845,59360083.751690045,3,2018,chhattisgarh
Recharge & bill payments,2438959,554514488.4121984,4,2018,chhattisgarh
Peer-to-peer payments,2342713,8450105299.480802,4,2018,chhattisgarh
Merchant payments,458091,331842964.57864183,4,2018,chhattisgarh
Financial Services,42199,9709810.436343707,4,2018,chhattisgarh
Others,83882,70240102.06349953,4,2018,chhattisgarh
Peer-to-peer payments,4068056,11417366152.38848,1,2019,chhattisgarh
Recharge & bill payments,2997095,679458794.5442779,1,2019,chhattisgarh
Merchant payments,710047,374735986.85082686,1,2019,chhattisgarh
Financial Services,33835,5075418.743007188,1,2019,chhattisgarh
Others,78636,67920032.80184662,1,2019,chhattisgarh
Peer-to-peer payments,4350167,15410038389.818302,2,2019,chhattisgarh
Recharge & bill payments,3435305,855753107.5104681,2,2019,chhattisgarh
Merchant payments,1483870,654411637.0168116,2,2019,chhattisgarh
Financial Services,22563,4237631.55442897,2,2019,chhattisgarh
Others,98040,77914922.92227882,2,2019,chhattisgarh
Peer-to-peer payments,5021844,17584630267.779922,3,2019,chhattisgarh
Recharge & bill payments,4335851,1069468753.7262831,3,2019,chhattisgarh
Merchant payments,2772084,1074255588.7227569,3,2019,chhattisgarh
Financial Services,16452,4542997.939180325,3,2019,chhattisgarh
Others,96880,70361559.28538439,3,2019,chhattisgarh
Peer-to-peer payments,7241974,24112075521.01784,4,2019,chhattisgarh
Recharge & bill payments,5112337,1257371454.8604,4,2019,chhattisgarh
Merchant payments,3852716,1720930747.628561,4,2019,chhattisgarh
Financial Services,14974,4665759.804240476,4,2019,chhattisgarh
Others,83757,48745253.90234077,4,2019,chhattisgarh
Peer-to-peer payments,8109789,28723854868.84692,1,2020,chhattisgarh
Recharge & bill payments,6400067,1688995018.220901,1,2020,chhattisgarh
Merchant payments,4923214,2393811867.388743,1,2020,chhattisgarh
Financial Services,12424,7378557.223060286,1,2020,chhattisgarh
Others,78497,46557359.6766012,1,2020,chhattisgarh
Recharge & bill payments,8366200,2504355746.828547,2,2020,chhattisgarh
Peer-to-peer payments,7216219,27351810047.60871,2,2020,chhattisgarh
Merchant payments,3158417,2361252112.419633,2,2020,chhattisgarh
Financial Services,19986,17814454.60563486,2,2020,chhattisgarh
Others,60103,33149845.43882451,2,2020,chhattisgarh
Peer-to-peer payments,9734445,34661165923.13037,3,2020,chhattisgarh
Recharge & bill payments,8705513,2790720003.137343,3,2020,chhattisgarh
Merchant payments,5591916,3990179454.188004,3,2020,chhattisgarh
Financial Services,34893,39141096.45070238,3,2020,chhattisgarh
Others,81772,45538330.62766186,3,2020,chhattisgarh
Peer-to-peer payments,14257312,50812302052.952705,4,2020,chhattisgarh
Merchant payments,11677743,8238390462.202984,4,2020,chhattisgarh
Recharge & bill payments,9423324,3033918783.2089987,4,2020,chhattisgarh
Financial Services,41308,48082346.06124696,4,2020,chhattisgarh
Others,129949,82280639.52262866,4,2020,chhattisgarh
Peer-to-peer payments,15621154,55638916992.138954,1,2021,chhattisgarh
Merchant payments,15222763,10661449529.109661,1,2021,chhattisgarh
Recharge & bill payments,8456094,3000977538.8405633,1,2021,chhattisgarh
Financial Services,37395,40387648.84021996,1,2021,chhattisgarh
Others,99031,68111552.62215017,1,2021,chhattisgarh
Peer-to-peer payments,18387345,62134058797.4359,2,2021,chhattisgarh
Merchant payments,15369311,12828590761.71342,2,2021,chhattisgarh
Recharge & bill payments,10764784,3640692364.165052,2,2021,chhattisgarh
Financial Services,40213,39620256.36433959,2,2021,chhattisgarh
Others,127767,85809079.54731184,2,2021,chhattisgarh
Merchant payments,27552743,19905616746.80529,3,2021,chhattisgarh
Peer-to-peer payments,25447410,80506858751.32883,3,2021,chhattisgarh
Recharge & bill payments,11039088,4045490947.2382193,3,2021,chhattisgarh
Financial Services,38817,48855662.40142638,3,2021,chhattisgarh
Others,159880,99286155.00295876,3,2021,chhattisgarh
Merchant payments,40526025,29283695601.22954,4,2021,chhattisgarh
Peer-to-peer payments,32799167,102177997315.6828,4,2021,chhattisgarh
Recharge & bill payments,11115444,4724827139.9519415,4,2021,chhattisgarh
Financial Services,55237,66445873.29612084,4,2021,chhattisgarh
Others,221621,146144588.6523692,4,2021,chhattisgarh
Merchant payments,48236094,33822547183.04485,1,2022,chhattisgarh
Peer-to-peer payments,37457039,118393860520.5721,1,2022,chhattisgarh
Recharge & bill payments,11466264,5442872986.10511,1,2022,chhattisgarh
Financial Services,52918,55991695.312008664,1,2022,chhattisgarh
Others,200977,131773069.80038041,1,2022,chhattisgarh
Merchant payments,61093916,41536371583.74904,2,2022,chhattisgarh
Peer-to-peer payments,42532112,133534947239.2497,2,2022,chhattisgarh
Recharge & bill payments,12737942,5949415519.837789,2,2022,chhattisgarh
Financial Services,41530,46037703.16128763,2,2022,chhattisgarh
Others,178548,114905117.7834119,2,2022,chhattisgarh
Merchant payments,84355775,50874051122.373604,3,2022,chhattisgarh
Peer-to-peer payments,57116149,161027214428.2059,3,2022,chhattisgarh
Recharge & bill payments,16538894,8069941553.075293,3,2022,chhattisgarh
Financial Services,55775,61881709.73674864,3,2022,chhattisgarh
Others,185994,128469268.5974063,3,2022,chhattisgarh
Merchant payments,97405954,60247141797.94961,4,2022,chhattisgarh
Peer-to-peer payments,63986789,183672880692.7266,4,2022,chhattisgarh
Recharge & bill payments,16324117,8376603987.152398,4,2022,chhattisgarh
Financial Services,63695,81169069.23462963,4,2022,chhattisgarh
Others,179891,141385263.4082809,4,2022,chhattisgarh
Recharge & bill payments,95544,17526369.5804541,1,2018,dadra-&-nagar-haveli-&-daman-&-diu
Peer-to-peer payments,44599,151966933.2460739,1,2018,dadra-&-nagar-haveli-&-daman-&-diu
Merchant payments,1531,1580762.779739072,1,2018,dadra-&-nagar-haveli-&-daman-&-diu
Financial Services,1364,353171.5523814913,1,2018,dadra-&-nagar-haveli-&-daman-&-diu
Others,5511,4231146.95056825,1,2018,dadra-&-nagar-haveli-&-daman-&-diu
Recharge & bill payments,122834,30595592.00768239,2,2018,dadra-&-nagar-haveli-&-daman-&-diu
Peer-to-peer payments,69215,261995613.0548204,2,2018,dadra-&-nagar-haveli-&-daman-&-diu
Merchant payments,3544,4685536.036433555,2,2018,dadra-&-nagar-haveli-&-daman-&-diu
Financial Services,2996,383806.08546730166,2,2018,dadra-&-nagar-haveli-&-daman-&-diu
Others,4037,4410224.471747881,2,2018,dadra-&-nagar-haveli-&-daman-&-diu
Recharge & bill payments,157113,39790820.29359456,3,2018,dadra-&-nagar-haveli-&-daman-&-diu
Peer-to-peer payments,119346,396698085.41045517,3,2018,dadra-&-nagar-haveli-&-daman-&-diu
Merchant payments,7465,5693604.7441260815,3,2018,dadra-&-nagar-haveli-&-daman-&-diu
Financial Services,1477,297647.89589848556,3,2018,dadra-&-nagar-haveli-&-daman-&-diu
Others,4174,5159437.334100959,3,2018,dadra-&-nagar-haveli-&-daman-&-diu
Peer-to-peer payments,194214,582082154.4115133,4,2018,dadra-&-nagar-haveli-&-daman-&-diu
Recharge & bill payments,185793,49972030.112854846,4,2018,dadra-&-nagar-haveli-&-daman-&-diu
Merchant payments,15739,19577328.03937304,4,2018,dadra-&-nagar-haveli-&-daman-&-diu
Financial Services,2996,371674.6991335743,4,2018,dadra-&-nagar-haveli-&-daman-&-diu
Others,5340,6747429.538011953,4,2018,dadra-&-nagar-haveli-&-daman-&-diu
Peer-to-peer payments,408465,757657638.3173952,1,2019,dadra-&-nagar-haveli-&-daman-&-diu
Recharge & bill payments,225998,62660761.88806932,1,2019,dadra-&-nagar-haveli-&-daman-&-diu
Merchant payments,20694,17043867.88608146,1,2019,dadra-&-nagar-haveli-&-daman-&-diu
Financial Services,1645,221064.6189234741,1,2019,dadra-&-nagar-haveli-&-daman-&-diu
Others,5012,5786443.339431095,1,2019,dadra-&-nagar-haveli-&-daman-&-diu
Peer-to-peer payments,244134,734034142.8087387,2,2019,dadra-&-nagar-haveli-&-daman-&-diu
Recharge & bill payments,198184,63874445.5524188,2,2019,dadra-&-nagar-haveli-&-daman-&-diu
Merchant payments,40781,20816136.241969172,2,2019,dadra-&-nagar-haveli-&-daman-&-diu
Financial Services,748,155149.75618074698,2,2019,dadra-&-nagar-haveli-&-daman-&-diu
Others,5809,5561402.205763446,2,2019,dadra-&-nagar-haveli-&-daman-&-diu
Recharge & bill payments,319142,104597035.07984869,3,2019,dadra-&-nagar-haveli-&-daman-&-diu
Peer-to-peer payments,249944,821178569.0593252,3,2019,dadra-&-nagar-haveli-&-daman-&-diu
Merchant payments,63616,30634658.23749445,3,2019,dadra-&-nagar-haveli-&-daman-&-diu
Financial Services,533,425044.05141368794,3,2019,dadra-&-nagar-haveli-&-daman-&-diu
Others,5516,4636167.420289769,3,2019,dadra-&-nagar-haveli-&-daman-&-diu
Recharge & bill payments,351819,125809568.3505591,4,2019,dadra-&-nagar-haveli-&-daman-&-diu
Peer-to-peer payments,324464,1051976410.547205,4,2019,dadra-&-nagar-haveli-&-daman-&-diu
Merchant payments,86758,45361559.23824883,4,2019,dadra-&-nagar-haveli-&-daman-&-diu
Financial Services,1019,267762.49056630814,4,2019,dadra-&-nagar-haveli-&-daman-&-diu
Others,4911,3225961.384460643,4,2019,dadra-&-nagar-haveli-&-daman-&-diu
Recharge & bill payments,407577,153340696.30393672,1,2020,dadra-&-nagar-haveli-&-daman-&-diu
Peer-to-peer payments,329005,1119439489.500513,1,2020,dadra-&-nagar-haveli-&-daman-&-diu
Merchant payments,137040,66713356.79814301,1,2020,dadra-&-nagar-haveli-&-daman-&-diu
Financial Services,668,418783.1260904173,1,2020,dadra-&-nagar-haveli-&-daman-&-diu
Others,4289,2851043.563834071,1,2020,dadra-&-nagar-haveli-&-daman-&-diu
Recharge & bill payments,525974,178877986.72486582,2,2020,dadra-&-nagar-haveli-&-daman-&-diu
Peer-to-peer payments,323909,1052118443.3664521,2,2020,dadra-&-nagar-haveli-&-daman-&-diu
Merchant payments,118801,68938500.71228051,2,2020,dadra-&-nagar-haveli-&-daman-&-diu
Financial Services,1826,993268.2971840606,2,2020,dadra-&-nagar-haveli-&-daman-&-diu
Others,2642,1448254.787275234,2,2020,dadra-&-nagar-haveli-&-daman-&-diu
Recharge & bill payments,455603,201223380.1868608,3,2020,dadra-&-nagar-haveli-&-daman-&-diu
Peer-to-peer payments,419524,1401020928.231915,3,2020,dadra-&-nagar-haveli-&-daman-&-diu
Merchant payments,257572,143497844.4907236,3,2020,dadra-&-nagar-haveli-&-daman-&-diu
Financial Services,1635,1778864.0123306382,3,2020,dadra-&-nagar-haveli-&-daman-&-diu
Others,3978,2268098.077531771,3,2020,dadra-&-nagar-haveli-&-daman-&-diu
Peer-to-peer payments,666995,2153786522.547576,4,2020,dadra-&-nagar-haveli-&-daman-&-diu
Merchant payments,631443,316510115.8051566,4,2020,dadra-&-nagar-haveli-&-daman-&-diu
Recharge & bill payments,509971,224246669.7783347,4,2020,dadra-&-nagar-haveli-&-daman-&-diu
Financial Services,2453,1683959.5099964456,4,2020,dadra-&-nagar-haveli-&-daman-&-diu
Others,6929,4283833.187441602,4,2020,dadra-&-nagar-haveli-&-daman-&-diu
Peer-to-peer payments,768921,2379220756.223016,1,2021,dadra-&-nagar-haveli-&-daman-&-diu
Merchant payments,705821,367522132.380636,1,2021,dadra-&-nagar-haveli-&-daman-&-diu
Recharge & bill payments,442926,213177144.7320097,1,2021,dadra-&-nagar-haveli-&-daman-&-diu
Financial Services,2243,1930008.9716834244,1,2021,dadra-&-nagar-haveli-&-daman-&-diu
Others,5333,3782868.8861592514,1,2021,dadra-&-nagar-haveli-&-daman-&-diu
Peer-to-peer payments,843550,2512913026.427944,2,2021,dadra-&-nagar-haveli-&-daman-&-diu
Merchant payments,802899,430487473.930562,2,2021,dadra-&-nagar-haveli-&-daman-&-diu
Recharge & bill payments,471136,208762964.01200238,2,2021,dadra-&-nagar-haveli-&-daman-&-diu
Financial Services,1826,1763792.6506419359,2,2021,dadra-&-nagar-haveli-&-daman-&-diu
Others,5672,3741204.3977531465,2,2021,dadra-&-nagar-haveli-&-daman-&-diu
Merchant payments,1312241,706774071.9381688,3,2021,dadra-&-nagar-haveli-&-daman-&-diu
Peer-to-peer payments,1262732,3339347400.064355,3,2021,dadra-&-nagar-haveli-&-daman-&-diu
Recharge & bill payments,544322,253199754.8745275,3,2021,dadra-&-nagar-haveli-&-daman-&-diu
Financial Services,2065,2252116.636459231,3,2021,dadra-&-nagar-haveli-&-daman-&-diu
Others,8110,4365759.277996017,3,2021,dadra-&-nagar-haveli-&-daman-&-diu
Merchant payments,2013673,1058989463.165042,4,2021,dadra-&-nagar-haveli-&-daman-&-diu
Peer-to-peer payments,1577168,4202291071.7106133,4,2021,dadra-&-nagar-haveli-&-daman-&-diu
Recharge & bill payments,551618,294991582.16815025,4,2021,dadra-&-nagar-haveli-&-daman-&-diu
Financial Services,2909,3159306.4175118254,4,2021,dadra-&-nagar-haveli-&-daman-&-diu
Others,11717,6407962.869342193,4,2021,dadra-&-nagar-haveli-&-daman-&-diu
Merchant payments,2507246,1227972829.697026,1,2022,dadra-&-nagar-haveli-&-daman-&-diu
Peer-to-peer payments,1745454,4674787017.541661,1,2022,dadra-&-nagar-haveli-&-daman-&-diu
Recharge & bill payments,538134,326296370.8235702,1,2022,dadra-&-nagar-haveli-&-daman-&-diu
Financial Services,2574,2661345.5534556974,1,2022,dadra-&-nagar-haveli-&-daman-&-diu
Others,9395,5330803.646676767,1,2022,dadra-&-nagar-haveli-&-daman-&-diu
Merchant payments,3346697,1536859131.337481,2,2022,dadra-&-nagar-haveli-&-daman-&-diu
Peer-to-peer payments,1861799,5078832140.606572,2,2022,dadra-&-nagar-haveli-&-daman-&-diu
Recharge & bill payments,539562,372921225.4254243,2,2022,dadra-&-nagar-haveli-&-daman-&-diu
Financial Services,1849,2131607.7226029015,2,2022,dadra-&-nagar-haveli-&-daman-&-diu
Others,9864,4415675.718757721,2,2022,dadra-&-nagar-haveli-&-daman-&-diu
Merchant payments,3777156,1705567002.058646,3,2022,dadra-&-nagar-haveli-&-daman-&-diu
Peer-to-peer payments,2086741,5382949597.510585,3,2022,dadra-&-nagar-haveli-&-daman-&-diu
Recharge & bill payments,592431,425206924.52700937,3,2022,dadra-&-nagar-haveli-&-daman-&-diu
Financial Services,2237,3194409.939898855,3,2022,dadra-&-nagar-haveli-&-daman-&-diu
Others,7056,3729425.46329771,3,2022,dadra-&-nagar-haveli-&-daman-&-diu
Merchant payments,4415771,1889046056.198835,4,2022,dadra-&-nagar-haveli-&-daman-&-diu
Peer-to-peer payments,2215052,5737539058.403507,4,2022,dadra-&-nagar-haveli-&-daman-&-diu
Recharge & bill payments,548795,426040023.1105018,4,2022,dadra-&-nagar-haveli-&-daman-&-diu
Financial Services,2495,3169199.262533775,4,2022,dadra-&-nagar-haveli-&-daman-&-diu
Others,7472,3846409.1057498828,4,2022,dadra-&-nagar-haveli-&-daman-&-diu
Recharge & bill payments,3947297,1320559612.770412,1,2018,delhi
Peer-to-peer payments,2380820,9125685134.894358,1,2018,delhi
Merchant payments,339809,375393115.1913132,1,2018,delhi
Financial Services,136240,45588429.271575734,1,2018,delhi
Others,318588,344277514.7923026,1,2018,delhi
Recharge & bill payments,4511737,2078183615.8006341,2,2018,delhi
Peer-to-peer payments,3542716,14348179103.10983,2,2018,delhi
Merchant payments,837001,631597790.6002588,2,2018,delhi
Financial Services,205991,66584728.19594695,2,2018,delhi
Others,276278,321754664.4984691,2,2018,delhi
Peer-to-peer payments,8557153,22670122888.86821,3,2018,delhi
Recharge & bill payments,5305635,3261844270.537241,3,2018,delhi
Merchant payments,3808395,1048422633.7093569,3,2018,delhi
Financial Services,274526,45051151.351430364,3,2018,delhi
Others,601339,350405916.1523186,3,2018,delhi
Peer-to-peer payments,9973249,32389252494.75772,4,2018,delhi
Merchant payments,9958967,2738429838.9392734,4,2018,delhi
Recharge & bill payments,7483633,3961160542.5700665,4,2018,delhi
Financial Services,265004,58162003.43614492,4,2018,delhi
Others,1506866,575852739.0031942,4,2018,delhi
Peer-to-peer payments,20216287,48250023720.99173,1,2019,delhi
Merchant payments,13875931,3996618719.7994804,1,2019,delhi
Recharge & bill payments,10744978,5521320539.356213,1,2019,delhi
Financial Services,223095,30997039.69755583,1,2019,delhi
Others,1947036,670171769.6522964,1,2019,delhi
Merchant payments,20891431,6816878922.844399,2,2019,delhi
Peer-to-peer payments,20570311,65953571241.26435,2,2019,delhi
Recharge & bill payments,12869453,8035701902.391765,2,2019,delhi
Financial Services,137774,33985068.68378611,2,2019,delhi
Others,2702543,866678928.4439986,2,2019,delhi
Merchant payments,29453368,9857221391.940361,3,2019,delhi
Peer-to-peer payments,25201978,81904443496.29779,3,2019,delhi
Recharge & bill payments,11133404,10406524192.884481,3,2019,delhi
Financial Services,92061,27952186.986432,3,2019,delhi
Others,3657065,1000670778.347806,3,2019,delhi
Peer-to-peer payments,33040093,105858524152.3844,4,2019,delhi
Merchant payments,32537378,12864577363.07057,4,2019,delhi
Recharge & bill payments,11609898,9500486080.988451,4,2019,delhi
Financial Services,57063,21512527.97398922,4,2019,delhi
Others,3500565,779367300.4732571,4,2019,delhi
Merchant payments,33951545,14470782771.05468,1,2020,delhi
Peer-to-peer payments,32410795,108987600006.3667,1,2020,delhi
Recharge & bill payments,12822919,9498791147.929193,1,2020,delhi
Financial Services,46529,39908838.24852887,1,2020,delhi
Others,2515816,619460878.9909674,1,2020,delhi
Peer-to-peer payments,27155938,86227124454.10175,2,2020,delhi
Merchant payments,24963931,12708327043.86833,2,2020,delhi
Recharge & bill payments,13568505,8699886044.040596,2,2020,delhi
Financial Services,64790,75405868.16164647,2,2020,delhi
Others,288854,162694793.1586959,2,2020,delhi
Peer-to-peer payments,41498638,140074023548.1563,3,2020,delhi
Merchant payments,40973792,21858176583.0589,3,2020,delhi
Recharge & bill payments,13448341,12883226305.336542,3,2020,delhi
Financial Services,85689,114341865.26457219,3,2020,delhi
Others,485401,234194502.84422824,3,2020,delhi
Merchant payments,54581166,31106554562.7951,4,2020,delhi
Peer-to-peer payments,49631928,171546055992.1488,4,2020,delhi
Recharge & bill payments,14862946,12921793576.576849,4,2020,delhi
Financial Services,114862,160007919.76894262,4,2020,delhi
Others,1349515,530676173.2537967,4,2020,delhi
Merchant payments,72615587,39861532639.01234,1,2021,delhi
Peer-to-peer payments,61957428,210823551741.4093,1,2021,delhi
Recharge & bill payments,21164274,15447408658.77873,1,2021,delhi
Financial Services,153039,203106852.42387852,1,2021,delhi
Others,1468676,592745151.8683048,1,2021,delhi
Merchant payments,75620295,42933366743.23575,2,2021,delhi
Peer-to-peer payments,68497718,223034955527.7531,2,2021,delhi
Recharge & bill payments,25026678,15310096462.74644,2,2021,delhi
Financial Services,158170,190019761.4974139,2,2021,delhi
Others,854403,472659189.3086124,2,2021,delhi
Merchant payments,115250887,64006915630.532616,3,2021,delhi
Peer-to-peer payments,93292876,298005532606.47,3,2021,delhi
Recharge & bill payments,28427032,20934734871.90896,3,2021,delhi
Financial Services,144460,220660990.2206633,3,2021,delhi
Others,1645353,690472449.1489255,3,2021,delhi
Merchant payments,149204611,88990516304.07437,4,2021,delhi
Peer-to-peer payments,112380292,376556972334.1598,4,2021,delhi
Recharge & bill payments,30127352,22290161823.248642,4,2021,delhi
Financial Services,199280,287950130.2492174,4,2021,delhi
Others,771824,569713470.6592032,4,2021,delhi
Merchant payments,174454937,98212381475.57239,1,2022,delhi
Peer-to-peer payments,125111881,415305045689.30945,1,2022,delhi
Recharge & bill payments,29435981,22482865572.90493,1,2022,delhi
Financial Services,195184,271039329.10874933,1,2022,delhi
Others,1801878,693588769.393249,1,2022,delhi
Merchant payments,233412802,121657706565.0125,2,2022,delhi
Peer-to-peer payments,143447534,480685895058.7076,2,2022,delhi
Recharge & bill payments,32971294,26876059610.02211,2,2022,delhi
Financial Services,160827,209425798.8201316,2,2022,delhi
Others,641727,426563425.65446466,2,2022,delhi
Merchant payments,276635347,134292748569.0627,3,2022,delhi
Peer-to-peer payments,160580425,509428627035.33856,3,2022,delhi
Recharge & bill payments,37572389,33177115465.46472,3,2022,delhi
Financial Services,195218,265479580.4156591,3,2022,delhi
Others,608782,448676465.83468235,3,2022,delhi
Merchant payments,305621913,153114813286.2442,4,2022,delhi
Peer-to-peer payments,171970100,559069397370.8649,4,2022,delhi
Recharge & bill payments,36775874,31954251758.092308,4,2022,delhi
Financial Services,228639,299454652.7780056,4,2022,delhi
Others,606931,477098950.5964618,4,2022,delhi
Recharge & bill payments,85991,18273814.16270872,1,2018,goa
Peer-to-peer payments,59651,268175048.0699297,1,2018,goa
Merchant payments,7880,11036031.73565796,1,2018,goa
Financial Services,1191,520105.642400422,1,2018,goa
Others,6184,5851742.732386975,1,2018,goa
Recharge & bill payments,120943,30994284.170441043,2,2018,goa
Peer-to-peer payments,87878,419492232.5241037,2,2018,goa
Merchant payments,12456,20162855.70611957,2,2018,goa
Financial Services,1903,733429.427283199,2,2018,goa
Others,6395,7221023.530667527,2,2018,goa
Recharge & bill payments,158797,40314972.942088366,3,2018,goa
Peer-to-peer payments,150297,639468418.1317002,3,2018,goa
Merchant payments,21587,26634198.178851012,3,2018,goa
Financial Services,1867,468171.36483984883,3,2018,goa
Others,6963,6281208.620754639,3,2018,goa
Peer-to-peer payments,246426,1021902315.442675,4,2018,goa
Recharge & bill payments,212122,54832855.89468471,4,2018,goa
Merchant payments,45586,66666113.92145965,4,2018,goa
Financial Services,2523,723599.2328183289,4,2018,goa
Others,8098,8880194.430766659,4,2018,goa
Peer-to-peer payments,378848,1310759847.8146641,1,2019,goa
Recharge & bill payments,275277,78212835.0406034,1,2019,goa
Merchant payments,74527,75946974.41483101,1,2019,goa
Financial Services,2013,499592.0966860995,1,2019,goa
Others,8147,9904147.90979165,1,2019,goa
Peer-to-peer payments,373759,1391933790.754776,2,2019,goa
Recharge & bill payments,278060,93218689.41694948,2,2019,goa
Merchant payments,104592,92873008.6474504,2,2019,goa
Financial Services,1211,515859.8076807977,2,2019,goa
Others,10819,13325754.760758922,2,2019,goa
Peer-to-peer payments,475178,1704668027.015978,3,2019,goa
Recharge & bill payments,453806,157952854.9501171,3,2019,goa
Merchant payments,150578,123948570.5685749,3,2019,goa
Financial Services,1510,1282344.8444824044,3,2019,goa
Others,11344,12515394.11768832,3,2019,goa
Peer-to-peer payments,698728,2484453030.3184505,4,2019,goa
Recharge & bill payments,552421,205602115.1462514,4,2019,goa
Merchant payments,250893,218404664.86385107,4,2019,goa
Financial Services,1497,649712.8451498008,4,2019,goa
Others,11733,14350825.32576531,4,2019,goa
Peer-to-peer payments,817198,2851686768.653684,1,2020,goa
Recharge & bill payments,678079,244739382.20701852,1,2020,goa
Merchant payments,373110,298421548.1046571,1,2020,goa
Financial Services,1762,1816477.5692472362,1,2020,goa
Others,11088,13707055.38915557,1,2020,goa
Recharge & bill payments,758617,241196540.93798912,2,2020,goa
Peer-to-peer payments,493326,1766723888.202512,2,2020,goa
Merchant payments,221358,168591711.9469356,2,2020,goa
Financial Services,3081,3328361.317987765,2,2020,goa
Others,5710,3775927.611346662,2,2020,goa
Peer-to-peer payments,759351,2723430713.344406,3,2020,goa
Recharge & bill payments,696770,280187505.0339355,3,2020,goa
Merchant payments,446880,353193881.4783259,3,2020,goa
Financial Services,4985,6418950.466847964,3,2020,goa
Others,7545,5112530.621144422,3,2020,goa
Peer-to-peer payments,1550251,5407626413.043345,4,2020,goa
Merchant payments,1389834,1123844212.517181,4,2020,goa
Recharge & bill payments,839199,345088772.3784919,4,2020,goa
Financial Services,7287,10386560.38667797,4,2020,goa
Others,14810,12846789.254236259,4,2020,goa
Peer-to-peer payments,2235456,7553384653.1682,1,2021,goa
Merchant payments,2195509,1768358976.7158573,1,2021,goa
Recharge & bill payments,880682,410604192.7268899,1,2021,goa
Financial Services,8138,12207778.14863873,1,2021,goa
Others,11764,12687278.26183929,1,2021,goa
Merchant payments,1869384,1411529033.665019,2,2021,goa
Peer-to-peer payments,1866837,6195032351.177256,2,2021,goa
Recharge & bill payments,953219,383804809.3560881,2,2021,goa
Financial Services,8303,12371843.844825162,2,2021,goa
Others,12392,10115549.032816991,2,2021,goa
Merchant payments,2865625,2143135314.8979309,3,2021,goa
Peer-to-peer payments,2560305,7871092673.137299,3,2021,goa
Recharge & bill payments,1017351,438838003.2298236,3,2021,goa
Financial Services,8337,12943224.073821459,3,2021,goa
Others,16145,12416377.59749352,3,2021,goa
Merchant payments,5474662,4384250602.937037,4,2021,goa
Peer-to-peer payments,4408822,13618351952.66609,4,2021,goa
Recharge & bill payments,1170180,585734312.4063727,4,2021,goa
Financial Services,11320,17101084.66037453,4,2021,goa
Others,23775,21819163.1997744,4,2021,goa
Merchant payments,6364271,4682000388.389215,1,2022,goa
Peer-to-peer payments,4640380,14449830641.55571,1,2022,goa
Recharge & bill payments,1177071,646403472.1135541,1,2022,goa
Financial Services,11677,17490493.19245399,1,2022,goa
Others,20699,20720407.59517404,1,2022,goa
Merchant payments,7812998,5736211013.6866455,2,2022,goa
Peer-to-peer payments,5097942,16372343177.228302,2,2022,goa
Recharge & bill payments,1279377,738765635.2807853,2,2022,goa
Financial Services,10666,13192736.02810038,2,2022,goa
Others,15071,12525197.296362748,2,2022,goa
Merchant payments,7595135,5112175255.359402,3,2022,goa
Peer-to-peer payments,4449008,13780955270.35272,3,2022,goa
Recharge & bill payments,1122869,657115143.5357426,3,2022,goa
Financial Services,9992,12650738.42084387,3,2022,goa
Others,11683,11368868.03761505,3,2022,goa
Merchant payments,10319138,6739205748.43176,4,2022,goa
Peer-to-peer payments,5652373,17421974714.96234,4,2022,goa
Recharge & bill payments,1195865,734121700.6400626,4,2022,goa
Financial Services,12147,15705663.12696776,4,2022,goa
Others,13151,13978544.17801686,4,2022,goa
Recharge & bill payments,3691952,878929080.9916563,1,2018,gujarat
Peer-to-peer payments,1738974,6318864759.888066,1,2018,gujarat
Merchant payments,145436,166036667.5708913,1,2018,gujarat
Financial Services,122117,27986679.00971316,1,2018,gujarat
Others,250296,186165067.57372183,1,2018,gujarat
Recharge & bill payments,4643367,1571880396.377953,2,2018,gujarat
Peer-to-peer payments,2483231,10009680530.386879,2,2018,gujarat
Merchant payments,275503,356984574.1205573,2,2018,gujarat
Financial Services,140704,38598263.22838031,2,2018,gujarat
Others,202928,185541007.527258,2,2018,gujarat
Peer-to-peer payments,5287200,15272745137.7593,3,2018,gujarat
Recharge & bill payments,5117168,1938041688.967853,3,2018,gujarat
Merchant payments,573440,466209496.8015111,3,2018,gujarat
Financial Services,136468,24930605.60733972,3,2018,gujarat
Others,219873,164477497.1394802,3,2018,gujarat
Peer-to-peer payments,6488202,21207285184.78019,4,2018,gujarat
Recharge & bill payments,6138404,2297332323.0815268,4,2018,gujarat
Merchant payments,1656377,1088373316.058025,4,2018,gujarat
Financial Services,133915,30699273.16507,4,2018,gujarat
Others,316405,207297005.697784,4,2018,gujarat
Peer-to-peer payments,13465044,31231285551.30865,1,2019,gujarat
Recharge & bill payments,8595256,3104251732.6516943,1,2019,gujarat
Merchant payments,2493340,1296376125.1752782,1,2019,gujarat
Financial Services,114539,19581520.56940021,1,2019,gujarat
Others,323272,204585378.77191532,1,2019,gujarat
Peer-to-peer payments,12547493,41853661230.46584,2,2019,gujarat
Recharge & bill payments,10434449,4651874823.428602,2,2019,gujarat
Merchant payments,5486791,2526448415.35857,2,2019,gujarat
Financial Services,70502,17349813.389733132,2,2019,gujarat
Others,442607,271280936.6247084,2,2019,gujarat
Peer-to-peer payments,14529353,49206585462.018684,3,2019,gujarat
Merchant payments,11788077,4211116461.291188,3,2019,gujarat
Recharge & bill payments,11349625,5768100024.478059,3,2019,gujarat
Financial Services,78609,20507001.233050566,3,2019,gujarat
Others,482985,256386015.2468171,3,2019,gujarat
Peer-to-peer payments,19107911,64477452638.7778,4,2019,gujarat
Recharge & bill payments,12967713,6517891166.722656,4,2019,gujarat
Merchant payments,9964076,5480269119.720947,4,2019,gujarat
Financial Services,63498,20202767.264147878,4,2019,gujarat
Others,444434,194846362.42851493,4,2019,gujarat
Peer-to-peer payments,19068093,72393727235.07784,1,2020,gujarat
Recharge & bill payments,15648472,7197595156.690899,1,2020,gujarat
Merchant payments,12191478,7210758662.281933,1,2020,gujarat
Financial Services,50753,27460255.45966168,1,2020,gujarat
Others,367621,165535312.3927878,1,2020,gujarat
Recharge & bill payments,19971660,8322688556.9900055,2,2020,gujarat
Peer-to-peer payments,17569398,64723140394.229126,2,2020,gujarat
Merchant payments,9645967,7196610931.561442,2,2020,gujarat
Financial Services,59617,53132341.30500819,2,2020,gujarat
Others,173543,92274135.40504411,2,2020,gujarat
Peer-to-peer payments,23130724,89142122337.25531,3,2020,gujarat
Merchant payments,18338969,12749796641.7854,3,2020,gujarat
Recharge & bill payments,17481357,9820654243.808819,3,2020,gujarat
Financial Services,92278,84723188.62104334,3,2020,gujarat
Others,246851,124456073.2416335,3,2020,gujarat
Peer-to-peer payments,29967258,116743230330.362,4,2020,gujarat
Merchant payments,28430460,20844321156.65293,4,2020,gujarat
Recharge & bill payments,18943669,10441981826.08086,4,2020,gujarat
Financial Services,113371,120056733.88652492,4,2020,gujarat
Others,373789,243470065.4568177,4,2020,gujarat
Peer-to-peer payments,36427493,144818968373.0293,1,2021,gujarat
Merchant payments,35815382,26512643894.00317,1,2021,gujarat
Recharge & bill payments,22088838,11996115292.37784,1,2021,gujarat
Financial Services,126380,137612317.73580322,1,2021,gujarat
Others,316472,235440836.3042438,1,2021,gujarat
Merchant payments,42593432,33542305033.8295,2,2021,gujarat
Peer-to-peer payments,41642387,162483567902.3019,2,2021,gujarat
Recharge & bill payments,27127405,13750783181.944221,2,2021,gujarat
Financial Services,128647,136119996.7022825,2,2021,gujarat
Others,349525,249278437.3391409,2,2021,gujarat
Merchant payments,62934471,48197579736.51646,3,2021,gujarat
Peer-to-peer payments,56134212,208013326600.62402,3,2021,gujarat
Recharge & bill payments,29580901,15945997372.05868,3,2021,gujarat
Financial Services,125167,163304131.14365232,3,2021,gujarat
Others,473656,304418273.2454592,3,2021,gujarat
Merchant payments,84846502,68717933161.8696,4,2021,gujarat
Peer-to-peer payments,67301686,254338740726.63602,4,2021,gujarat
Recharge & bill payments,30072479,18739034341.66239,4,2021,gujarat
Financial Services,175393,209214620.7057898,4,2021,gujarat
Others,591265,377657202.7539646,4,2021,gujarat
Merchant payments,101648378,79563412221.78397,1,2022,gujarat
Peer-to-peer payments,77768758,292439274688.3083,1,2022,gujarat
Recharge & bill payments,30473298,20042066374.66357,1,2022,gujarat
Financial Services,160423,187077879.3846649,1,2022,gujarat
Others,496289,316261089.40738213,1,2022,gujarat
Merchant payments,131610193,95585623258.23605,2,2022,gujarat
Peer-to-peer payments,86423696,326945780476.5976,2,2022,gujarat
Recharge & bill payments,33424931,23844933238.40894,2,2022,gujarat
Financial Services,125180,142685436.4192669,2,2022,gujarat
Others,468796,278978567.18363523,2,2022,gujarat
Merchant payments,161264265,109018764232.9939,3,2022,gujarat
Peer-to-peer payments,103034790,359338045092.0105,3,2022,gujarat
Recharge & bill payments,38383683,28649040040.50214,3,2022,gujarat
Financial Services,152053,162173602.8459629,3,2022,gujarat
Others,404941,269479241.0969004,3,2022,gujarat
Merchant payments,186533503,125585214989.03001,4,2022,gujarat
Peer-to-peer payments,114868478,411053364214.2685,4,2022,gujarat
Recharge & bill payments,39167297,30789927498.95329,4,2022,gujarat
Financial Services,179101,194314203.0080444,4,2022,gujarat
Others,407639,295484431.27800745,4,2022,gujarat
Recharge & bill payments,2368002,535578755.0794511,1,2018,haryana
Peer-to-peer payments,1607193,5814807510.68666,1,2018,haryana
Merchant payments,167816,173513595.3537558,1,2018,haryana
Financial Services,128636,27501068.014126312,1,2018,haryana
Others,209123,242110585.52640373,1,2018,haryana
Recharge & bill payments,3054284,984897276.6519809,2,2018,haryana
Peer-to-peer payments,2388953,9745924809.851494,2,2018,haryana
Merchant payments,369916,334118261.4534411,2,2018,haryana
Financial Services,167570,38145882.441803865,2,2018,haryana
Others,170208,217328211.71769938,2,2018,haryana
Peer-to-peer payments,3753981,14429454356.345781,3,2018,haryana
Recharge & bill payments,3203386,1310467515.0605881,3,2018,haryana
Merchant payments,1003057,427387637.93353707,3,2018,haryana
Financial Services,100452,17323790.814170152,3,2018,haryana
Others,201148,190505707.4736181,3,2018,haryana
Peer-to-peer payments,5905032,22416919746.938683,4,2018,haryana
Recharge & bill payments,4116262,1671040703.731761,4,2018,haryana
Merchant payments,2413446,1013407379.896309,4,2018,haryana
Financial Services,120711,22252543.62175617,4,2018,haryana
Others,394732,267255642.2674202,4,2018,haryana
Peer-to-peer payments,12622225,30283578836.61907,1,2019,haryana
Recharge & bill payments,5576577,2202061874.5361753,1,2019,haryana
Merchant payments,3361995,1292375556.3150861,1,2019,haryana
Financial Services,101786,15201736.002431491,1,2019,haryana
Others,473192,258437718.15887582,1,2019,haryana
Peer-to-peer payments,10387562,37056084813.57578,2,2019,haryana
Recharge & bill payments,5902923,2838724048.08961,2,2019,haryana
Merchant payments,5738283,2292901816.143204,2,2019,haryana
Financial Services,57488,12080285.227121709,2,2019,haryana
Others,655560,301748850.18049383,2,2019,haryana
Peer-to-peer payments,11775288,43738290119.9285,3,2019,haryana
Merchant payments,9386779,3615636827.8118157,3,2019,haryana
Recharge & bill payments,8289987,4817098564.823641,3,2019,haryana
Financial Services,61503,16715100.88021799,3,2019,haryana
Others,829974,301378585.9978597,3,2019,haryana
Peer-to-peer payments,15729819,58242027266.14443,4,2019,haryana
Merchant payments,11615667,5253780278.236425,4,2019,haryana
Recharge & bill payments,9648003,5637358525.756194,4,2019,haryana
Financial Services,41688,13756049.144287622,4,2019,haryana
Others,790808,212797749.81994918,4,2019,haryana
Peer-to-peer payments,17728235,68367245528.07149,1,2020,haryana
Merchant payments,14327020,7075196609.224877,1,2020,haryana
Recharge & bill payments,11346112,6331682016.516322,1,2020,haryana
Financial Services,34488,25266730.1883267,1,2020,haryana
Others,600232,176823674.24305552,1,2020,haryana
Peer-to-peer payments,17334369,66645492690.67839,2,2020,haryana
Recharge & bill payments,12740328,6547618491.532405,2,2020,haryana
Merchant payments,11527654,7393393677.758501,2,2020,haryana
Financial Services,48759,49209527.29146182,2,2020,haryana
Others,129940,75550536.67993587,2,2020,haryana
Peer-to-peer payments,24123449,88796356487.11024,3,2020,haryana
Merchant payments,20845136,12141560866.98217,3,2020,haryana
Recharge & bill payments,12716319,8452802892.504496,3,2020,haryana
Financial Services,66457,80854296.9304013,3,2020,haryana
Others,186818,96375902.20346308,3,2020,haryana
Merchant payments,34063692,21382305452.06797,4,2020,haryana
Peer-to-peer payments,33920789,128613933346.855,4,2020,haryana
Recharge & bill payments,14682896,9675471300.731653,4,2020,haryana
Financial Services,84881,103265693.75364481,4,2020,haryana
Others,419181,223528573.1334415,4,2020,haryana
Merchant payments,39363588,23389100227.155342,1,2021,haryana
Peer-to-peer payments,36764622,135970636784.61829,1,2021,haryana
Recharge & bill payments,13680353,9260346909.440674,1,2021,haryana
Financial Services,79784,99672809.9922822,1,2021,haryana
Others,364437,218544351.2217209,1,2021,haryana
Merchant payments,45335533,29119078263.95798,2,2021,haryana
Peer-to-peer payments,44086559,161073685336.6668,2,2021,haryana
Recharge & bill payments,15861047,9839496894.971409,2,2021,haryana
Financial Services,85821,97238136.0951769,2,2021,haryana
Others,311896,227855606.99266592,2,2021,haryana
Merchant payments,66885213,40190922826.606285,3,2021,haryana
Peer-to-peer payments,55929958,188548678300.52472,3,2021,haryana
Recharge & bill payments,17087955,11681457468.964508,3,2021,haryana
Financial Services,77496,116592181.4699727,3,2021,haryana
Others,479071,289441481.64370304,3,2021,haryana
Merchant payments,84993587,56325102920.50671,4,2021,haryana
Peer-to-peer payments,66548306,238638993818.0959,4,2021,haryana
Recharge & bill payments,17632752,13817258646.066359,4,2021,haryana
Financial Services,105050,151421306.61683062,4,2021,haryana
Others,407280,307822609.1747935,4,2021,haryana
Merchant payments,98346418,62565728158.2885,1,2022,haryana
Peer-to-peer payments,74499889,263547240999.6833,1,2022,haryana
Recharge & bill payments,18494827,14765350795.965681,1,2022,haryana
Financial Services,107240,146586164.62792292,1,2022,haryana
Others,540235,279136534.2116163,1,2022,haryana
Merchant payments,130033573,76926347115.76375,2,2022,haryana
Peer-to-peer payments,84219451,300504797205.2718,2,2022,haryana
Recharge & bill payments,20011709,17457331653.44523,2,2022,haryana
Financial Services,89805,120610061.52845359,2,2022,haryana
Others,345424,224949213.49711913,2,2022,haryana
Merchant payments,151278013,87063736519.87311,3,2022,haryana
Peer-to-peer payments,95071203,319374569105.9015,3,2022,haryana
Recharge & bill payments,22592966,21247984018.68209,3,2022,haryana
Financial Services,111032,144937203.2864578,3,2022,haryana
Others,308596,223267730.28329998,3,2022,haryana
Merchant payments,169685872,102918159834.12408,4,2022,haryana
Peer-to-peer payments,102993798,364514204185.1917,4,2022,haryana
Recharge & bill payments,23545059,22666085169.84729,4,2022,haryana
Financial Services,118488,152488074.9943577,4,2022,haryana
Others,305148,239722615.94605044,4,2022,haryana
Recharge & bill payments,284371,49871175.826074265,1,2018,himachal-pradesh
Peer-to-peer payments,154572,546222027.4835303,1,2018,himachal-pradesh
Merchant payments,13241,13851230.834952451,1,2018,himachal-pradesh
Financial Services,8955,2040522.724771278,1,2018,himachal-pradesh
Others,20779,16752849.50300953,1,2018,himachal-pradesh
Recharge & bill payments,385642,83714322.414042,2,2018,himachal-pradesh
Peer-to-peer payments,243436,1043702964.1513069,2,2018,himachal-pradesh
Merchant payments,27851,31961300.88276595,2,2018,himachal-pradesh
Financial Services,11330,4108919.3075577794,2,2018,himachal-pradesh
Others,19436,19681794.595446683,2,2018,himachal-pradesh
Recharge & bill payments,457449,108456077.51862909,3,2018,himachal-pradesh
Peer-to-peer payments,362755,1596570994.9854271,3,2018,himachal-pradesh
Merchant payments,40675,31168155.22193054,3,2018,himachal-pradesh
Financial Services,8182,1552275.0537747287,3,2018,himachal-pradesh
Others,17693,16293930.078267328,3,2018,himachal-pradesh
Recharge & bill payments,598325,143031082.44320172,4,2018,himachal-pradesh
Peer-to-peer payments,590518,2367228879.446262,4,2018,himachal-pradesh
Merchant payments,86963,87575811.80014335,4,2018,himachal-pradesh
Financial Services,11834,2283052.790977265,4,2018,himachal-pradesh
Others,20243,21180141.658664484,4,2018,himachal-pradesh
Peer-to-peer payments,1178280,3066233587.9236503,1,2019,himachal-pradesh
Recharge & bill payments,844570,209521987.03977022,1,2019,himachal-pradesh
Merchant payments,115553,86624660.31120431,1,2019,himachal-pradesh
Financial Services,9585,1424229.9989233727,1,2019,himachal-pradesh
Others,20730,17676977.71750367,1,2019,himachal-pradesh
Peer-to-peer payments,1141873,4428007670.958708,2,2019,himachal-pradesh
Recharge & bill payments,1076793,279864579.9756226,2,2019,himachal-pradesh
Merchant payments,248517,141088575.8726466,2,2019,himachal-pradesh
Financial Services,5013,1453651.5352588107,2,2019,himachal-pradesh
Others,30110,25469495.26836324,2,2019,himachal-pradesh
Recharge & bill payments,1212659,327570066.9967147,3,2019,himachal-pradesh
Peer-to-peer payments,1181680,5039276845.295213,3,2019,himachal-pradesh
Merchant payments,312575,182746198.1643005,3,2019,himachal-pradesh
Financial Services,3096,1775673.9713265826,3,2019,himachal-pradesh
Others,25170,20649996.69578039,3,2019,himachal-pradesh
Peer-to-peer payments,1579582,6533855301.069828,4,2019,himachal-pradesh
Recharge & bill payments,1442940,402619114.99428564,4,2019,himachal-pradesh
Merchant payments,467309,314965060.6352696,4,2019,himachal-pradesh
Financial Services,4576,1769641.9665086274,4,2019,himachal-pradesh
Others,22239,17954418.58229015,4,2019,himachal-pradesh
Recharge & bill payments,1815157,542356756.9678606,1,2020,himachal-pradesh
Peer-to-peer payments,1594806,6431826925.118802,1,2020,himachal-pradesh
Merchant payments,711018,427497010.1043982,1,2020,himachal-pradesh
Financial Services,4711,3172303.6900622216,1,2020,himachal-pradesh
Others,18788,14613755.24156387,1,2020,himachal-pradesh
Recharge & bill payments,2558935,802231470.1628922,2,2020,himachal-pradesh
Peer-to-peer payments,1544488,6738488218.640328,2,2020,himachal-pradesh
Merchant payments,570031,479165630.61021036,2,2020,himachal-pradesh
Financial Services,7634,7359757.737539303,2,2020,himachal-pradesh
Others,14642,9659685.392965626,2,2020,himachal-pradesh
Recharge & bill payments,2416395,834567922.2742615,3,2020,himachal-pradesh
Peer-to-peer payments,1954492,8806586536.659174,3,2020,himachal-pradesh
Merchant payments,1090445,851539467.337558,3,2020,himachal-pradesh
Financial Services,9543,11391079.28873657,3,2020,himachal-pradesh
Others,19001,11969008.52725204,3,2020,himachal-pradesh
Recharge & bill payments,2638030,936305777.7250879,4,2020,himachal-pradesh
Peer-to-peer payments,2594659,11426268857.22963,4,2020,himachal-pradesh
Merchant payments,2001259,1589433440.268409,4,2020,himachal-pradesh
Financial Services,11353,15534252.217986539,4,2020,himachal-pradesh
Others,27027,21510781.37178286,4,2020,himachal-pradesh
Peer-to-peer payments,2845733,11358078843.5727,1,2021,himachal-pradesh
Recharge & bill payments,2547359,948929031.6443391,1,2021,himachal-pradesh
Merchant payments,2186946,1778219850.8347862,1,2021,himachal-pradesh
Financial Services,12561,16554205.50442734,1,2021,himachal-pradesh
Others,21430,18764977.93127317,1,2021,himachal-pradesh
Peer-to-peer payments,3340531,13035543546.66397,2,2021,himachal-pradesh
Recharge & bill payments,3216602,1045789841.9162079,2,2021,himachal-pradesh
Merchant payments,2883209,2378084375.199477,2,2021,himachal-pradesh
Financial Services,14642,16428390.623736272,2,2021,himachal-pradesh
Others,28918,19788385.405835293,2,2021,himachal-pradesh
Peer-to-peer payments,4455153,16560383923.20486,3,2021,himachal-pradesh
Merchant payments,4198808,3524434949.634083,3,2021,himachal-pradesh
Recharge & bill payments,3359406,1178802736.5280352,3,2021,himachal-pradesh
Financial Services,14497,22805774.60035712,3,2021,himachal-pradesh
Others,36303,23834687.160697922,3,2021,himachal-pradesh
Merchant payments,6062931,5228613146.743451,4,2021,himachal-pradesh
Peer-to-peer payments,5323397,19568394324.5848,4,2021,himachal-pradesh
Recharge & bill payments,3211367,1278824361.837138,4,2021,himachal-pradesh
Financial Services,18198,24809740.714031782,4,2021,himachal-pradesh
Others,50971,35578926.74639452,4,2021,himachal-pradesh
Merchant payments,7030946,5558905677.966259,1,2022,himachal-pradesh
Peer-to-peer payments,5718936,19473276901.33196,1,2022,himachal-pradesh
Recharge & bill payments,3271665,1429960686.766947,1,2022,himachal-pradesh
Financial Services,19314,24442138.153999712,1,2022,himachal-pradesh
Others,47319,31862035.7136404,1,2022,himachal-pradesh
Merchant payments,10591420,7697399368.08964,2,2022,himachal-pradesh
Peer-to-peer payments,7109948,24407668318.014187,2,2022,himachal-pradesh
Recharge & bill payments,3520538,1553155243.3951051,2,2022,himachal-pradesh
Financial Services,16901,20627276.079190243,2,2022,himachal-pradesh
Others,52564,30257752.66416522,2,2022,himachal-pradesh
Merchant payments,12686960,8511266152.669347,3,2022,himachal-pradesh
Peer-to-peer payments,8330778,27039659316.468132,3,2022,himachal-pradesh
Recharge & bill payments,4083168,1780405740.394115,3,2022,himachal-pradesh
Financial Services,21293,22686931.87064045,3,2022,himachal-pradesh
Others,42669,26764547.13816883,3,2022,himachal-pradesh
Merchant payments,15297492,10280295883.65635,4,2022,himachal-pradesh
Peer-to-peer payments,9284824,29629346091.977352,4,2022,himachal-pradesh
Recharge & bill payments,3907023,1810538524.3215191,4,2022,himachal-pradesh
Financial Services,24342,31775337.43636562,4,2022,himachal-pradesh
Others,41455,27387394.98209099,4,2022,himachal-pradesh
Recharge & bill payments,457813,78812610.35129012,1,2018,jammu-&-kashmir
Peer-to-peer payments,353621,861670157.9310012,1,2018,jammu-&-kashmir
Financial Services,65683,10269382.6199755,1,2018,jammu-&-kashmir
Merchant payments,28696,30967525.638810232,1,2018,jammu-&-kashmir
Others,35755,23651562.71504996,1,2018,jammu-&-kashmir
Recharge & bill payments,794502,166762242.9171875,2,2018,jammu-&-kashmir
Peer-to-peer payments,771844,2372961687.553617,2,2018,jammu-&-kashmir
Financial Services,112422,15636116.81386063,2,2018,jammu-&-kashmir
Merchant payments,79248,64454257.5252622,2,2018,jammu-&-kashmir
Others,38310,31391931.69294626,2,2018,jammu-&-kashmir
Peer-to-peer payments,1260453,3616022745.564584,3,2018,jammu-&-kashmir
Recharge & bill payments,822143,203079955.34644002,3,2018,jammu-&-kashmir
Merchant payments,140076,82826475.18797052,3,2018,jammu-&-kashmir
Financial Services,44464,6397888.3546260595,3,2018,jammu-&-kashmir
Others,36825,26373935.004048537,3,2018,jammu-&-kashmir
Peer-to-peer payments,1265457,5151829745.262983,4,2018,jammu-&-kashmir
Recharge & bill payments,970724,254473764.0023316,4,2018,jammu-&-kashmir
Merchant payments,402303,215771001.5429565,4,2018,jammu-&-kashmir
Financial Services,33775,6072177.152358056,4,2018,jammu-&-kashmir
Others,49051,36573577.73688933,4,2018,jammu-&-kashmir
Peer-to-peer payments,1913720,5414709531.836735,1,2019,jammu-&-kashmir
Recharge & bill payments,1131953,302663112.8884805,1,2019,jammu-&-kashmir
Merchant payments,452379,199219534.93760532,1,2019,jammu-&-kashmir
Financial Services,43247,4593545.201922052,1,2019,jammu-&-kashmir
Others,43688,30649751.656273108,1,2019,jammu-&-kashmir
Peer-to-peer payments,1180781,5666318253.462076,2,2019,jammu-&-kashmir
Recharge & bill payments,706569,215937468.94414753,2,2019,jammu-&-kashmir
Merchant payments,353678,188931529.48823643,2,2019,jammu-&-kashmir
Financial Services,22663,2652961.353697454,2,2019,jammu-&-kashmir
Others,32664,26301988.315348372,2,2019,jammu-&-kashmir
Peer-to-peer payments,618694,3499425217.958209,3,2019,jammu-&-kashmir
Recharge & bill payments,318061,111964437.03321171,3,2019,jammu-&-kashmir
Merchant payments,165115,120736230.0888475,3,2019,jammu-&-kashmir
Financial Services,2895,658515.8825482852,3,2019,jammu-&-kashmir
Others,11761,11446090.81965122,3,2019,jammu-&-kashmir
Peer-to-peer payments,310620,1799955855.971491,4,2019,jammu-&-kashmir
Merchant payments,91303,77859073.82317376,4,2019,jammu-&-kashmir
Recharge & bill payments,84803,49065907.045780964,4,2019,jammu-&-kashmir
Financial Services,197,213741.2862032762,4,2019,jammu-&-kashmir
Others,3005,2601419.6959477984,4,2019,jammu-&-kashmir
Peer-to-peer payments,435154,2654638582.0865793,1,2020,jammu-&-kashmir
Recharge & bill payments,341357,144213068.7120203,1,2020,jammu-&-kashmir
Merchant payments,135241,131144418.9650335,1,2020,jammu-&-kashmir
Financial Services,2350,2116665.1182805505,1,2020,jammu-&-kashmir
Others,7528,5530441.652102945,1,2020,jammu-&-kashmir
Peer-to-peer payments,1238380,7426818530.258213,2,2020,jammu-&-kashmir
Recharge & bill payments,1028741,413037418.32063264,2,2020,jammu-&-kashmir
Merchant payments,341375,403026357.7674071,2,2020,jammu-&-kashmir
Financial Services,9130,10415041.341445921,2,2020,jammu-&-kashmir
Others,17380,12351591.570849748,2,2020,jammu-&-kashmir
Peer-to-peer payments,1787154,10837119046.792648,3,2020,jammu-&-kashmir
Recharge & bill payments,1005745,443743222.50064695,3,2020,jammu-&-kashmir
Merchant payments,642688,667957476.4350253,3,2020,jammu-&-kashmir
Financial Services,10111,13281733.802213531,3,2020,jammu-&-kashmir
Others,20200,15128281.341935562,3,2020,jammu-&-kashmir
Peer-to-peer payments,2378539,13736841259.97928,4,2020,jammu-&-kashmir
Recharge & bill payments,1900075,536741118.3019938,4,2020,jammu-&-kashmir
Merchant payments,1377786,1045006123.459636,4,2020,jammu-&-kashmir
Financial Services,13578,17966592.69746909,4,2020,jammu-&-kashmir
Others,84466,44350708.939814664,4,2020,jammu-&-kashmir
Peer-to-peer payments,2800201,14801220301.14875,1,2021,jammu-&-kashmir
Recharge & bill payments,2554798,663747765.6760966,1,2021,jammu-&-kashmir
Merchant payments,1527253,1605408313.478133,1,2021,jammu-&-kashmir
Financial Services,17276,20848657.8594191,1,2021,jammu-&-kashmir
Others,98042,47124854.98932911,1,2021,jammu-&-kashmir
Peer-to-peer payments,3955437,19502438177.8094,2,2021,jammu-&-kashmir
Recharge & bill payments,3568970,892467613.5545957,2,2021,jammu-&-kashmir
Merchant payments,2378307,2343370985.582228,2,2021,jammu-&-kashmir
Financial Services,19432,21897796.18705631,2,2021,jammu-&-kashmir
Others,105673,53580855.45836207,2,2021,jammu-&-kashmir
Peer-to-peer payments,5621108,26562997915.198593,3,2021,jammu-&-kashmir
Recharge & bill payments,4192099,1126801385.0108972,3,2021,jammu-&-kashmir
Merchant payments,3197489,3818849262.990345,3,2021,jammu-&-kashmir
Financial Services,16071,27585395.493344463,3,2021,jammu-&-kashmir
Others,124274,62209689.3389434,3,2021,jammu-&-kashmir
Peer-to-peer payments,6852001,31444247707.63007,4,2021,jammu-&-kashmir
Merchant payments,5399465,6026170895.591109,4,2021,jammu-&-kashmir
Recharge & bill payments,4358892,1334473410.437731,4,2021,jammu-&-kashmir
Financial Services,20269,34425387.51761782,4,2021,jammu-&-kashmir
Others,160001,86920024.59513803,4,2021,jammu-&-kashmir
Peer-to-peer payments,6263588,25881919928.64283,1,2022,jammu-&-kashmir
Merchant payments,5769426,5903944370.148529,1,2022,jammu-&-kashmir
Recharge & bill payments,4046350,1253753685.61249,1,2022,jammu-&-kashmir
Financial Services,20506,28915576.11929956,1,2022,jammu-&-kashmir
Others,145441,79330065.6359112,1,2022,jammu-&-kashmir
Merchant payments,9917899,8541811640.294409,2,2022,jammu-&-kashmir
Peer-to-peer payments,8948548,35973490940.6326,2,2022,jammu-&-kashmir
Recharge & bill payments,4759941,1631580783.915923,2,2022,jammu-&-kashmir
Financial Services,17495,23857762.10049466,2,2022,jammu-&-kashmir
Others,169864,83549709.69216739,2,2022,jammu-&-kashmir
Merchant payments,9594459,8056512904.5609255,3,2022,jammu-&-kashmir
Peer-to-peer payments,8391981,31280124357.94366,3,2022,jammu-&-kashmir
Recharge & bill payments,4397779,1538833023.807197,3,2022,jammu-&-kashmir
Financial Services,16502,21281997.61037215,3,2022,jammu-&-kashmir
Others,133673,66802218.326068155,3,2022,jammu-&-kashmir
Merchant payments,13060020,9463119176.82875,4,2022,jammu-&-kashmir
Peer-to-peer payments,9209773,33017162449.59025,4,2022,jammu-&-kashmir
Recharge & bill payments,4885856,1738113554.24513,4,2022,jammu-&-kashmir
Financial Services,17803,26804683.92881795,4,2022,jammu-&-kashmir
Others,142706,70096050.90090424,4,2022,jammu-&-kashmir
Recharge & bill payments,1095857,132181815.28422521,1,2018,jharkhand
Peer-to-peer payments,809459,2036315435.6551178,1,2018,jharkhand
Financial Services,107755,45483178.104925826,1,2018,jharkhand
Merchant payments,66299,66465337.511485815,1,2018,jharkhand
Others,99551,93740623.36363094,1,2018,jharkhand
Recharge & bill payments,1398777,208894647.78855112,2,2018,jharkhand
Peer-to-peer payments,1375872,4205862516.7774906,2,2018,jharkhand
Financial Services,160637,65554548.24621317,2,2018,jharkhand
Merchant payments,130339,138889079.1612477,2,2018,jharkhand
Others,86455,102374867.0893502,2,2018,jharkhand
Peer-to-peer payments,6003688,8142915751.203349,3,2018,jharkhand
Recharge & bill payments,1539476,256930062.2034769,3,2018,jharkhand
Merchant payments,287427,155059935.0403524,3,2018,jharkhand
Financial Services,216343,38182603.57787939,3,2018,jharkhand
Others,75687,68483065.67956133,3,2018,jharkhand
Peer-to-peer payments,3325473,9414019816.80093,4,2018,jharkhand
Recharge & bill payments,1885135,328077093.47845775,4,2018,jharkhand
Merchant payments,845956,373435992.4816617,4,2018,jharkhand
Financial Services,136918,36357465.52244099,4,2018,jharkhand
Others,90561,90026272.83887213,4,2018,jharkhand
Peer-to-peer payments,5952105,12664709652.347082,1,2019,jharkhand
Recharge & bill payments,2347079,440323945.05772173,1,2019,jharkhand
Merchant payments,892826,391616776.11217976,1,2019,jharkhand
Financial Services,105558,47227410.81132864,1,2019,jharkhand
Others,90140,83358664.9497917,1,2019,jharkhand
Peer-to-peer payments,5155937,17044444613.80835,2,2019,jharkhand
Recharge & bill payments,2734377,562210324.8161658,2,2019,jharkhand
Merchant payments,2049311,862186711.5217196,2,2019,jharkhand
Financial Services,67479,51588987.162455104,2,2019,jharkhand
Others,121107,102270668.2376283,2,2019,jharkhand
Peer-to-peer payments,5708187,19050145624.07798,3,2019,jharkhand
Merchant payments,4766457,1494546030.83308,3,2019,jharkhand
Recharge & bill payments,3527625,754845093.6112013,3,2019,jharkhand
Financial Services,103620,80276391.6477037,3,2019,jharkhand
Others,114758,86160853.1891717,3,2019,jharkhand
Peer-to-peer payments,10301226,25360155657.21804,4,2019,jharkhand
Recharge & bill payments,4390094,966539484.5717083,4,2019,jharkhand
Merchant payments,3359590,1725990595.6016061,4,2019,jharkhand
Financial Services,104630,45850806.12718592,4,2019,jharkhand
Others,93078,49211833.15857271,4,2019,jharkhand
Peer-to-peer payments,8196850,29875044416.372463,1,2020,jharkhand
Recharge & bill payments,5454093,1358517296.965377,1,2020,jharkhand
Merchant payments,4499942,2298726414.666834,1,2020,jharkhand
Financial Services,46483,31523887.510064334,1,2020,jharkhand
Others,85345,47420137.7540625,1,2020,jharkhand
Peer-to-peer payments,8724053,32662370316.52174,2,2020,jharkhand
Recharge & bill payments,7538593,1987320466.8540502,2,2020,jharkhand
Merchant payments,3753633,2662438204.255661,2,2020,jharkhand
Financial Services,56553,130249402.0086719,2,2020,jharkhand
Others,68679,43823586.28346999,2,2020,jharkhand
Peer-to-peer payments,11984094,43128110246.270485,3,2020,jharkhand
Merchant payments,7728846,5163578368.000801,3,2020,jharkhand
Recharge & bill payments,7211293,2217657034.902201,3,2020,jharkhand
Financial Services,56918,63233533.18627854,3,2020,jharkhand
Others,87322,50036637.65387121,3,2020,jharkhand
Peer-to-peer payments,17120664,60733288288.10599,4,2020,jharkhand
Merchant payments,14168381,9347677563.842455,4,2020,jharkhand
Recharge & bill payments,7945996,2582828438.736846,4,2020,jharkhand
Financial Services,60989,63947540.001266286,4,2020,jharkhand
Others,135603,77432999.35699823,4,2020,jharkhand
Peer-to-peer payments,19151083,69198235576.72797,1,2021,jharkhand
Merchant payments,17489113,11545580927.24733,1,2021,jharkhand
Recharge & bill payments,7826608,2888409672.1323013,1,2021,jharkhand
Financial Services,50526,54836609.32711602,1,2021,jharkhand
Others,104333,62290337.70487929,1,2021,jharkhand
Peer-to-peer payments,24184568,86037113965.37598,2,2021,jharkhand
Merchant payments,19041292,14731458451.37311,2,2021,jharkhand
Recharge & bill payments,10583445,3531023352.488878,2,2021,jharkhand
Financial Services,54379,57959229.95440879,2,2021,jharkhand
Others,138461,75088312.26558907,2,2021,jharkhand
Peer-to-peer payments,30113326,97742557031.75543,3,2021,jharkhand
Merchant payments,29687162,19954619973.19194,3,2021,jharkhand
Recharge & bill payments,10742405,4029136911.757236,3,2021,jharkhand
Financial Services,51289,65035270.30823113,3,2021,jharkhand
Others,201520,99665931.8402131,3,2021,jharkhand
Merchant payments,45007900,30397134744.16734,4,2021,jharkhand
Peer-to-peer payments,39476282,130461675107.9945,4,2021,jharkhand
Recharge & bill payments,11173974,4920513757.5836115,4,2021,jharkhand
Financial Services,72802,82938673.40787342,4,2021,jharkhand
Others,278084,154856720.5525196,4,2021,jharkhand
Merchant payments,53218047,35404682302.819725,1,2022,jharkhand
Peer-to-peer payments,45881799,153327336656.77792,1,2022,jharkhand
Recharge & bill payments,11502811,5765898871.819412,1,2022,jharkhand
Financial Services,67502,72095750.37612481,1,2022,jharkhand
Others,241051,130193505.3740419,1,2022,jharkhand
Merchant payments,67435024,44149892984.34711,2,2022,jharkhand
Peer-to-peer payments,52086790,175208899196.82,2,2022,jharkhand
Recharge & bill payments,13145888,6119623547.3009,2,2022,jharkhand
Financial Services,50361,53281830.624961995,2,2022,jharkhand
Others,207212,104530269.0448263,2,2022,jharkhand
Merchant payments,74816586,45850919744.159195,3,2022,jharkhand
Peer-to-peer payments,57285937,176549466282.0438,3,2022,jharkhand
Recharge & bill payments,14462031,6838978157.223744,3,2022,jharkhand
Financial Services,68467,69016067.83164982,3,2022,jharkhand
Others,182311,104503812.6994251,3,2022,jharkhand
Merchant payments,91863987,57173653531.6919,4,2022,jharkhand
Peer-to-peer payments,68045210,212953650396.9668,4,2022,jharkhand
Recharge & bill payments,15110623,7625380765.3711195,4,2022,jharkhand
Financial Services,81074,89276259.66683595,4,2022,jharkhand
Others,199198,129776494.88471399,4,2022,jharkhand
Recharge & bill payments,5785292,1496816541.97102,1,2018,karnataka
Peer-to-peer payments,4456528,16522277460.17466,1,2018,karnataka
Merchant payments,1089627,696586489.2644083,1,2018,karnataka
Financial Services,159848,52664837.407078,1,2018,karnataka
Others,525604,449549985.19633806,1,2018,karnataka
Recharge & bill payments,7391926,2435924808.054059,2,2018,karnataka
Peer-to-peer payments,7164836,29135024501.31963,2,2018,karnataka
Merchant payments,1874383,1361967204.919347,2,2018,karnataka
Financial Services,194363,93244737.61226672,2,2018,karnataka
Others,490939,489418829.3956837,2,2018,karnataka
Peer-to-peer payments,12863507,42819128165.14718,3,2018,karnataka
Recharge & bill payments,8674172,3019156590.415938,3,2018,karnataka
Merchant payments,3638065,1879406580.5386481,3,2018,karnataka
Financial Services,205740,50726023.40346949,3,2018,karnataka
Others,598777,456674396.30284667,3,2018,karnataka
Peer-to-peer payments,20471744,63575342228.05887,4,2018,karnataka
Merchant payments,11812478,4751317554.815564,4,2018,karnataka
Recharge & bill payments,11426205,4030978295.0626955,4,2018,karnataka
Financial Services,289353,71134704.79416475,4,2018,karnataka
Others,812291,579613793.3366778,4,2018,karnataka
Peer-to-peer payments,44049036,104118436760.3156,1,2019,karnataka
Merchant payments,24491960,7076613843.774634,1,2019,karnataka
Recharge & bill payments,16981941,6217689429.770171,1,2019,karnataka
Financial Services,293728,51023386.14504391,1,2019,karnataka
Others,770944,512618725.75178516,1,2019,karnataka
Peer-to-peer payments,50033334,142910706254.4051,2,2019,karnataka
Merchant payments,44848593,12338599108.547262,2,2019,karnataka
Recharge & bill payments,19283028,7745156562.557001,2,2019,karnataka
Financial Services,140353,44871623.829314835,2,2019,karnataka
Others,1096296,662690676.7455502,2,2019,karnataka
Merchant payments,76924325,20375791901.51608,3,2019,karnataka
Peer-to-peer payments,67784880,183163325083.02164,3,2019,karnataka
Recharge & bill payments,24339891,10208179941.827309,3,2019,karnataka
Financial Services,189716,57194690.69137601,3,2019,karnataka
Others,1494923,732228821.132016,3,2019,karnataka
Merchant payments,114044901,31602890835.85107,4,2019,karnataka
Peer-to-peer payments,93311589,250562864352.7836,4,2019,karnataka
Recharge & bill payments,28862161,12183568521.027191,4,2019,karnataka
Financial Services,101937,51145982.18087677,4,2019,karnataka
Others,1475664,646673755.3894986,4,2019,karnataka
Merchant payments,132970737,40374401933.52863,1,2020,karnataka
Peer-to-peer payments,100868460,297635301555.93097,1,2020,karnataka
Recharge & bill payments,35854971,14724886028.4034,1,2020,karnataka
Financial Services,93648,110130184.7219853,1,2020,karnataka
Others,1246074,557335296.81275,1,2020,karnataka
Merchant payments,87251639,38463881234.438194,2,2020,karnataka
Peer-to-peer payments,82118363,265767207470.1678,2,2020,karnataka
Recharge & bill payments,43290272,16434890228.306221,2,2020,karnataka
Financial Services,161560,246367207.06107083,2,2020,karnataka
Others,399878,192530880.1645686,2,2020,karnataka
Merchant payments,137206600,60769881812.00958,3,2020,karnataka
Peer-to-peer payments,119241776,390432374828.4793,3,2020,karnataka
Recharge & bill payments,43139631,18911088810.529343,3,2020,karnataka
Financial Services,251980,358426105.9585576,3,2020,karnataka
Others,520544,268744139.7048992,3,2020,karnataka
Merchant payments,215711211,97147239182.96416,4,2020,karnataka
Peer-to-peer payments,166981242,538340957771.568,4,2020,karnataka
Recharge & bill payments,47736461,21611671359.120274,4,2020,karnataka
Financial Services,284700,427966918.9300599,4,2020,karnataka
Others,823370,508863332.43586946,4,2020,karnataka
Merchant payments,279599017,117959690729.6494,1,2021,karnataka
Peer-to-peer payments,190894164,610937002732.095,1,2021,karnataka
Recharge & bill payments,52261651,25111731675.64637,1,2021,karnataka
Financial Services,297710,475815041.81600153,1,2021,karnataka
Others,744950,511117233.1864775,1,2021,karnataka
Merchant payments,244460862,124624417935.0589,2,2021,karnataka
Peer-to-peer payments,216539959,684035748184.4377,2,2021,karnataka
Recharge & bill payments,68599238,28272314719.076206,2,2021,karnataka
Financial Services,304779,456933673.98713577,2,2021,karnataka
Others,744208,497736717.4893276,2,2021,karnataka
Merchant payments,391381353,190563423840.34482,3,2021,karnataka
Peer-to-peer payments,288462867,908138627418.7013,3,2021,karnataka
Recharge & bill payments,72168311,33386709060.80711,3,2021,karnataka
Financial Services,286685,508051800.8625039,3,2021,karnataka
Others,997323,637927036.8737217,3,2021,karnataka
Merchant payments,503210623,243754536471.1106,4,2021,karnataka
Peer-to-peer payments,350032663,1090951587881.0441,4,2021,karnataka
Recharge & bill payments,76826701,39294350717.40591,4,2021,karnataka
Financial Services,365769,574240588.1883193,4,2021,karnataka
Others,1289682,896608692.1244912,4,2021,karnataka
Merchant payments,588543313,278109650949.8691,1,2022,karnataka
Peer-to-peer payments,389491586,1243199329198.8582,1,2022,karnataka
Recharge & bill payments,78206453,43891305256.63388,1,2022,karnataka
Financial Services,384922,624857963.4375479,1,2022,karnataka
Others,1229133,824344937.0828401,1,2022,karnataka
Merchant payments,735295388,358016289601.7625,2,2022,karnataka
Peer-to-peer payments,449723751,1457330278795.186,2,2022,karnataka
Recharge & bill payments,91137091,50583781089.16758,2,2022,karnataka
Financial Services,351688,545330283.2377212,2,2022,karnataka
Others,941042,670434289.8797817,2,2022,karnataka
Merchant payments,704609552,333606445776.60834,3,2022,karnataka
Peer-to-peer payments,404084880,1282604186671.176,3,2022,karnataka
Recharge & bill payments,79979546,48539011844.0797,3,2022,karnataka
Financial Services,361312,558132533.414458,3,2022,karnataka
Others,726038,610455785.7449958,3,2022,karnataka
Merchant payments,830157371,380643835280.23364,4,2022,karnataka
Peer-to-peer payments,460041715,1468087523889.2761,4,2022,karnataka
Recharge & bill payments,87517348,54445900607.2116,4,2022,karnataka
Financial Services,426795,650217624.1227758,4,2022,karnataka
Others,767142,689145506.798728,4,2022,karnataka
Recharge & bill payments,988774,157311821.37585652,1,2018,kerala
Peer-to-peer payments,600205,2107288314.302522,1,2018,kerala
Merchant payments,72164,82919383.04571174,1,2018,kerala
Financial Services,40170,7957491.901965583,1,2018,kerala
Others,70067,47197742.474449396,1,2018,kerala
Recharge & bill payments,1230869,248080143.25702393,2,2018,kerala
Peer-to-peer payments,848291,3436199589.0773168,2,2018,kerala
Merchant payments,131217,144501582.0466669,2,2018,kerala
Financial Services,41100,12355589.343616951,2,2018,kerala
Others,56688,45786439.71799916,2,2018,kerala
Peer-to-peer payments,1425259,4823239268.279744,3,2018,kerala
Recharge & bill payments,1407588,296352497.34099543,3,2018,kerala
Merchant payments,210974,160705488.6023575,3,2018,kerala
Financial Services,37286,6170643.387882499,3,2018,kerala
Others,53241,36557326.26447625,3,2018,kerala
Peer-to-peer payments,2073960,6959805154.570259,4,2018,kerala
Recharge & bill payments,1679897,351296525.2985757,4,2018,kerala
Merchant payments,417114,378857199.6490426,4,2018,kerala
Financial Services,75084,10063656.72606766,4,2018,kerala
Others,64599,47338700.56846385,4,2018,kerala
Peer-to-peer payments,3601116,9314451112.085836,1,2019,kerala
Recharge & bill payments,2180915,498453895.94724303,1,2019,kerala
Merchant payments,550707,371997848.2006638,1,2019,kerala
Financial Services,77652,7808573.898364296,1,2019,kerala
Others,58649,42319704.717572376,1,2019,kerala
Peer-to-peer payments,3519528,11630623424.13149,2,2019,kerala
Recharge & bill payments,2711299,768892057.7982787,2,2019,kerala
Merchant payments,937130,569545842.9999,2,2019,kerala
Financial Services,38869,5823291.622642939,2,2019,kerala
Others,77000,56486944.63322557,2,2019,kerala
Peer-to-peer payments,4181954,14433990011.32079,3,2019,kerala
Recharge & bill payments,3431236,1051007778.312957,3,2019,kerala
Merchant payments,1497029,879510566.1106174,3,2019,kerala
Financial Services,96130,8910528.723410578,3,2019,kerala
Others,79747,56390837.596709594,3,2019,kerala
Peer-to-peer payments,5859068,18537483865.44591,4,2019,kerala
Recharge & bill payments,4097032,1287955351.66479,4,2019,kerala
Merchant payments,2418428,1268704040.1006923,4,2019,kerala
Financial Services,50728,10816332.760911912,4,2019,kerala
Others,73381,46367047.83244334,4,2019,kerala
Peer-to-peer payments,6634439,22862907701.60516,1,2020,kerala
Recharge & bill payments,5507580,1716538277.369673,1,2020,kerala
Merchant payments,3485036,1810329140.1843731,1,2020,kerala
Financial Services,38050,17160614.59325491,1,2020,kerala
Others,68417,44149097.18179157,1,2020,kerala
Recharge & bill payments,7709714,2452435028.9249372,2,2020,kerala
Peer-to-peer payments,5603046,21309983654.739,2,2020,kerala
Merchant payments,2888260,2075701451.362759,2,2020,kerala
Financial Services,40501,32921115.845954422,2,2020,kerala
Others,46446,23037227.727544233,2,2020,kerala
Peer-to-peer payments,8590587,33346812213.79867,3,2020,kerala
Recharge & bill payments,7932950,2688361345.2045465,3,2020,kerala
Merchant payments,5065205,4016995193.6035366,3,2020,kerala
Financial Services,94130,76828720.82445313,3,2020,kerala
Others,75808,35153178.522981875,3,2020,kerala
Peer-to-peer payments,12941135,45686395927.74489,4,2020,kerala
Merchant payments,10990709,7695667406.723909,4,2020,kerala
Recharge & bill payments,9167428,3238199947.525463,4,2020,kerala
Financial Services,73833,69202344.44095233,4,2020,kerala
Others,115082,65791020.57617174,4,2020,kerala
Peer-to-peer payments,16209203,55336812492.746414,1,2021,kerala
Merchant payments,16105923,10058436408.18426,1,2021,kerala
Recharge & bill payments,9837385,3732534739.043629,1,2021,kerala
Financial Services,68012,69655547.76092248,1,2021,kerala
Others,95819,63530974.15939384,1,2021,kerala
Peer-to-peer payments,17026648,58152644526.04467,2,2021,kerala
Merchant payments,16135060,11263178335.98088,2,2021,kerala
Recharge & bill payments,13809151,4645548909.798976,2,2021,kerala
Financial Services,88830,88370679.95309764,2,2021,kerala
Others,131344,77063984.37888283,2,2021,kerala
Merchant payments,25402350,17877677018.107372,3,2021,kerala
Peer-to-peer payments,23378091,78598482305.73877,3,2021,kerala
Recharge & bill payments,13979407,5008396079.412957,3,2021,kerala
Financial Services,85730,101460242.2623948,3,2021,kerala
Others,182688,100146127.60812959,3,2021,kerala
Merchant payments,38574904,24589454633.018272,4,2021,kerala
Peer-to-peer payments,29075528,92774490034.55844,4,2021,kerala
Recharge & bill payments,13781815,5689390023.204553,4,2021,kerala
Financial Services,108232,128238698.7405598,4,2021,kerala
Others,283262,160563553.84187672,4,2021,kerala
Merchant payments,47778743,28685388646.415363,1,2022,kerala
Peer-to-peer payments,33089518,104623270223.3171,1,2022,kerala
Recharge & bill payments,14042317,6373570715.96907,1,2022,kerala
Financial Services,134370,158926455.91425732,1,2022,kerala
Others,236017,147786423.0782508,1,2022,kerala
Merchant payments,55730158,34395023155.77253,2,2022,kerala
Peer-to-peer payments,35630060,112813716119.4625,2,2022,kerala
Recharge & bill payments,14701207,7230489227.091859,2,2022,kerala
Financial Services,110336,133436809.91322711,2,2022,kerala
Others,193561,123664236.88435219,2,2022,kerala
Merchant payments,64984061,37852759989.759125,3,2022,kerala
Peer-to-peer payments,38774832,116414003145.11601,3,2022,kerala
Recharge & bill payments,15289755,7709237374.351864,3,2022,kerala
Financial Services,146673,162861560.0739113,3,2022,kerala
Others,167583,121557246.12854591,3,2022,kerala
Merchant payments,74647115,40607857085.64609,4,2022,kerala
Peer-to-peer payments,42471676,124564727703.6055,4,2022,kerala
Recharge & bill payments,15520670,8075692517.2755575,4,2022,kerala
Financial Services,164334,191307058.1462068,4,2022,kerala
Others,156673,120224235.03622031,4,2022,kerala
Recharge & bill payments,3550,927250.7143707818,1,2018,ladakh
Peer-to-peer payments,1752,10767803.999610359,1,2018,ladakh
Merchant payments,320,369327.62555241917,1,2018,ladakh
Financial Services,132,274283.17576680594,1,2018,ladakh
Others,335,194192.25581440225,1,2018,ladakh
Recharge & bill payments,8075,2417434.2729015187,2,2018,ladakh
Peer-to-peer payments,5667,42638443.11997231,2,2018,ladakh
Merchant payments,724,1761366.2964342085,2,2018,ladakh
Financial Services,151,127324.6279709443,2,2018,ladakh
Others,393,390334.220462498,2,2018,ladakh
Recharge & bill payments,13136,4676712.344045115,3,2018,ladakh
Peer-to-peer payments,10133,77085890.57395567,3,2018,ladakh
Merchant payments,1168,2016579.2506718007,3,2018,ladakh
Financial Services,84,69317.12287872119,3,2018,ladakh
Others,343,242477.8532947429,3,2018,ladakh
Recharge & bill payments,16650,5701932.895454288,4,2018,ladakh
Peer-to-peer payments,15939,123611779.58930421,4,2018,ladakh
Merchant payments,1881,5082666.820758243,4,2018,ladakh
Financial Services,142,94604.73391846984,4,2018,ladakh
Others,599,1031858.4532022325,4,2018,ladakh
Peer-to-peer payments,22076,139715922.1887053,1,2019,ladakh
Recharge & bill payments,20014,7186109.182288248,1,2019,ladakh
Merchant payments,3238,4967122.4999400275,1,2019,ladakh
Financial Services,114,111851.02856430915,1,2019,ladakh
Others,703,878916.0496292994,1,2019,ladakh
Peer-to-peer payments,34202,240305709.9282429,2,2019,ladakh
Recharge & bill payments,25357,10116773.36613449,2,2019,ladakh
Merchant payments,8220,7726519.367758205,2,2019,ladakh
Financial Services,86,113767.09768193656,2,2019,ladakh
Others,907,992737.2376073576,2,2019,ladakh
Peer-to-peer payments,43198,303596367.6795853,3,2019,ladakh
Recharge & bill payments,41491,18054746.12144833,3,2019,ladakh
Merchant payments,6963,8096082.971229901,3,2019,ladakh
Financial Services,48,148633.29469977494,3,2019,ladakh
Others,696,1233697.1268589406,3,2019,ladakh
Peer-to-peer payments,42095,298044908.5075786,4,2019,ladakh
Recharge & bill payments,35467,16510212.10075311,4,2019,ladakh
Merchant payments,6522,8717893.899929387,4,2019,ladakh
Financial Services,46,162760.63254625077,4,2019,ladakh
Others,576,1253584.887304229,4,2019,ladakh
Peer-to-peer payments,51560,339551900.3873952,1,2020,ladakh
Recharge & bill payments,49801,23010664.72023286,1,2020,ladakh
Merchant payments,14264,13338124.27189282,1,2020,ladakh
Financial Services,204,583108.9455483773,1,2020,ladakh
Others,590,1155879.120674257,1,2020,ladakh
Recharge & bill payments,70601,32087339.266190987,2,2020,ladakh
Peer-to-peer payments,68450,470749365.0981604,2,2020,ladakh
Merchant payments,15132,19679330.18641492,2,2020,ladakh
Financial Services,337,786069.1630768818,2,2020,ladakh
Others,490,490894.93818109273,2,2020,ladakh
Peer-to-peer payments,108345,751333715.2896031,3,2020,ladakh
Recharge & bill payments,81623,40380074.55014179,3,2020,ladakh
Merchant payments,36861,40538778.75651745,3,2020,ladakh
Financial Services,621,2334917.7832646337,3,2020,ladakh
Others,772,900013.678666259,3,2020,ladakh
Peer-to-peer payments,151582,985814864.3429123,4,2020,ladakh
Recharge & bill payments,94133,44185250.8636451,4,2020,ladakh
Merchant payments,83868,77511378.30739444,4,2020,ladakh
Financial Services,729,1965054.5898611392,4,2020,ladakh
Others,1822,2486922.4041473325,4,2020,ladakh
Peer-to-peer payments,141894,869999786.1513934,1,2021,ladakh
Recharge & bill payments,72719,35459532.4121063,1,2021,ladakh
Merchant payments,58875,74977913.47237433,1,2021,ladakh
Financial Services,629,1455016.148284281,1,2021,ladakh
Others,1298,1527565.0627209258,1,2021,ladakh
Peer-to-peer payments,209818,1259044412.435873,2,2021,ladakh
Recharge & bill payments,95458,44754721.82815342,2,2021,ladakh
Merchant payments,92078,119608470.04115531,2,2021,ladakh
Financial Services,755,1756762.1471181023,2,2021,ladakh
Others,1607,2094729.0180191218,2,2021,ladakh
Peer-to-peer payments,330919,1917311078.128726,3,2021,ladakh
Merchant payments,135108,233260756.50887147,3,2021,ladakh
Recharge & bill payments,121856,58750081.815117195,3,2021,ladakh
Financial Services,900,1911625.5446910746,3,2021,ladakh
Others,2204,2751201.9371823343,3,2021,ladakh
Peer-to-peer payments,337120,1804428550.1884868,4,2021,ladakh
Merchant payments,169110,284786365.9296017,4,2021,ladakh
Recharge & bill payments,120607,58403893.47253243,4,2021,ladakh
Financial Services,912,3068708.947120995,4,2021,ladakh
Others,2438,2847620.2425241945,4,2021,ladakh
Peer-to-peer payments,343041,1685241980.6641831,1,2022,ladakh
Merchant payments,167100,279354508.988595,1,2022,ladakh
Recharge & bill payments,116486,56203999.28920926,1,2022,ladakh
Financial Services,1247,2023327.6779848374,1,2022,ladakh
Others,2141,2217102.222236882,1,2022,ladakh
Peer-to-peer payments,608870,2941624382.277109,2,2022,ladakh
Merchant payments,346146,508439376.6809197,2,2022,ladakh
Recharge & bill payments,158996,88531677.99442025,2,2022,ladakh
Financial Services,1585,2487560.1853386,2,2022,ladakh
Others,2476,2235180.8584825676,2,2022,ladakh
Peer-to-peer payments,659896,2955729492.498551,3,2022,ladakh
Merchant payments,367022,551472983.879604,3,2022,ladakh
Recharge & bill payments,160269,94288872.34747364,3,2022,ladakh
Financial Services,1555,1815866.8961950848,3,2022,ladakh
Others,2116,1892134.7520804727,3,2022,ladakh
Peer-to-peer payments,559259,2350047971.603546,4,2022,ladakh
Merchant payments,382456,462189599.2843026,4,2022,ladakh
Recharge & bill payments,138793,79767790.98577228,4,2022,ladakh
Financial Services,1248,1198715.2123450316,4,2022,ladakh
Others,1616,1273495.592982805,4,2022,ladakh
Peer-to-peer payments,423,1860278.2784597143,1,2018,lakshadweep
Recharge & bill payments,342,61432.04938505074,1,2018,lakshadweep
Merchant payments,5,590.7505138175776,1,2018,lakshadweep
Others,8,6310.102519157715,1,2018,lakshadweep
Peer-to-peer payments,1315,5757123.079919379,2,2018,lakshadweep
Recharge & bill payments,750,353202.7988510042,2,2018,lakshadweep
Merchant payments,42,64568.47789279556,2,2018,lakshadweep
Financial Services,6,9134.413223158994,2,2018,lakshadweep
Others,19,3780.7695141997474,2,2018,lakshadweep
Peer-to-peer payments,841,3926048.74488305,3,2018,lakshadweep
Recharge & bill payments,760,300978.32420203416,3,2018,lakshadweep
Merchant payments,87,94046.43333034206,3,2018,lakshadweep
Others,15,17958.809570422687,3,2018,lakshadweep
Recharge & bill payments,792,351201.0879000404,4,2018,lakshadweep
Peer-to-peer payments,689,3841230.430870924,4,2018,lakshadweep
Merchant payments,144,262079.85573632165,4,2018,lakshadweep
Financial Services,6,389.8932323919954,4,2018,lakshadweep
Others,11,8312.430483153179,4,2018,lakshadweep
Peer-to-peer payments,1183,8221402.368536929,1,2019,lakshadweep
Recharge & bill payments,1173,353870.52398354514,1,2019,lakshadweep
Merchant payments,113,183062.1455975621,1,2019,lakshadweep
Others,12,27795.441220958,1,2019,lakshadweep
Recharge & bill payments,1448,436735.1684614296,2,2019,lakshadweep
Peer-to-peer payments,1318,8602732.117788196,2,2019,lakshadweep
Merchant payments,137,190716.5411561734,2,2019,lakshadweep
Others,23,12340.30958308919,2,2019,lakshadweep
Recharge & bill payments,1528,503049.2411913635,3,2019,lakshadweep
Peer-to-peer payments,1455,8923273.862948446,3,2019,lakshadweep
Merchant payments,111,215159.68119447335,3,2019,lakshadweep
Others,10,10278.678434187355,3,2019,lakshadweep
Recharge & bill payments,1801,618155.9004644766,4,2019,lakshadweep
Peer-to-peer payments,1753,10383413.24667049,4,2019,lakshadweep
Merchant payments,188,211413.62244321496,4,2019,lakshadweep
Financial Services,2,34.39721181625656,4,2019,lakshadweep
Others,21,56896.23813384895,4,2019,lakshadweep
Recharge & bill payments,2684,789255.2646123999,1,2020,lakshadweep
Peer-to-peer payments,2068,12463327.26183683,1,2020,lakshadweep
Merchant payments,387,216594.03077193064,1,2020,lakshadweep
Others,12,33192.017283045374,1,2020,lakshadweep
Recharge & bill payments,4497,1061694.138574572,2,2020,lakshadweep
Peer-to-peer payments,2176,14718605.188911092,2,2020,lakshadweep
Merchant payments,472,971609.4583537823,2,2020,lakshadweep
Financial Services,60,158593.59701229632,2,2020,lakshadweep
Others,15,32419.703092655054,2,2020,lakshadweep
Recharge & bill payments,4696,1186947.553816269,3,2020,lakshadweep
Peer-to-peer payments,2946,19189391.61874283,3,2020,lakshadweep
Merchant payments,903,842981.169451366,3,2020,lakshadweep
Financial Services,27,45457.50970027798,3,2020,lakshadweep
Others,17,42055.45694608544,3,2020,lakshadweep
Recharge & bill payments,5187,1499298.1127799235,4,2020,lakshadweep
Peer-to-peer payments,4741,27284123.245665,4,2020,lakshadweep
Merchant payments,1668,1227101.6378793938,4,2020,lakshadweep
Financial Services,22,13968.7539965527,4,2020,lakshadweep
Others,32,86826.16675951776,4,2020,lakshadweep
Peer-to-peer payments,3942,24823715.01742214,1,2021,lakshadweep
Recharge & bill payments,3541,1070209.4218526704,1,2021,lakshadweep
Merchant payments,1537,1040213.7953898906,1,2021,lakshadweep
Financial Services,19,15929.095105497145,1,2021,lakshadweep
Others,46,92715.5843109472,1,2021,lakshadweep
Recharge & bill payments,5499,1745295.828077295,2,2021,lakshadweep
Peer-to-peer payments,4069,23996417.49366483,2,2021,lakshadweep
Merchant payments,1743,1525331.9146529401,2,2021,lakshadweep
Financial Services,29,15052.018496008179,2,2021,lakshadweep
Others,44,101366.40306045809,2,2021,lakshadweep
Peer-to-peer payments,5687,34142107.52016985,3,2021,lakshadweep
Recharge & bill payments,5153,1700287.4734963956,3,2021,lakshadweep
Merchant payments,2450,2750367.063028222,3,2021,lakshadweep
Financial Services,48,137227.35390598275,3,2021,lakshadweep
Others,32,73174.28816768769,3,2021,lakshadweep
Peer-to-peer payments,7154,44696668.86120766,4,2021,lakshadweep
Recharge & bill payments,5355,2093901.2918026838,4,2021,lakshadweep
Merchant payments,2872,4071239.087436496,4,2021,lakshadweep
Financial Services,27,19994.541946360278,4,2021,lakshadweep
Others,62,116381.74598782149,4,2021,lakshadweep
Peer-to-peer payments,7913,48590864.56835763,1,2022,lakshadweep
Recharge & bill payments,5334,2322580.1695599537,1,2022,lakshadweep
Merchant payments,3048,3838358.3586293925,1,2022,lakshadweep
Financial Services,39,38274.22628876488,1,2022,lakshadweep
Others,63,149355.3310943247,1,2022,lakshadweep
Peer-to-peer payments,8491,48451728.04746901,2,2022,lakshadweep
Recharge & bill payments,5366,2386144.714677198,2,2022,lakshadweep
Merchant payments,3602,4895657.060086848,2,2022,lakshadweep
Financial Services,59,87127.8249489804,2,2022,lakshadweep
Others,51,108944.34272364664,2,2022,lakshadweep
Peer-to-peer payments,7533,40029003.82575238,3,2022,lakshadweep
Recharge & bill payments,4441,1936538.3067545425,3,2022,lakshadweep
Merchant payments,3142,5469200.646094429,3,2022,lakshadweep
Financial Services,64,63629.88416689246,3,2022,lakshadweep
Others,61,81636.9547320153,3,2022,lakshadweep
Peer-to-peer payments,8686,47450386.0033243,4,2022,lakshadweep
Recharge & bill payments,4557,2024739.1542023947,4,2022,lakshadweep
Merchant payments,3819,5250991.002376802,4,2022,lakshadweep
Financial Services,35,26453.0247779254,4,2022,lakshadweep
Others,50,61304.43025482374,4,2022,lakshadweep
Recharge & bill payments,4404190,667057311.4560372,1,2018,madhya-pradesh
Peer-to-peer payments,2848290,7590790588.551904,1,2018,madhya-pradesh
Financial Services,230519,43374288.983730234,1,2018,madhya-pradesh
Merchant payments,196394,170119673.712754,1,2018,madhya-pradesh
Others,346002,210261540.7414958,1,2018,madhya-pradesh
Recharge & bill payments,5324535,1132090445.890336,2,2018,madhya-pradesh
Peer-to-peer payments,4269392,14155603482.49263,2,2018,madhya-pradesh
Merchant payments,397135,339308203.1707404,2,2018,madhya-pradesh
Financial Services,305553,53860331.80574275,2,2018,madhya-pradesh
Others,264797,243218603.3198562,2,2018,madhya-pradesh
Peer-to-peer payments,9988509,22057686208.544342,3,2018,madhya-pradesh
Recharge & bill payments,5733261,1367773856.675655,3,2018,madhya-pradesh
Merchant payments,784995,465390819.59013355,3,2018,madhya-pradesh
Financial Services,359440,46120458.63885435,3,2018,madhya-pradesh
Others,260780,212770861.2234169,3,2018,madhya-pradesh
Peer-to-peer payments,11456555,30897348664.90544,4,2018,madhya-pradesh
Recharge & bill payments,7273502,1669345516.941368,4,2018,madhya-pradesh
Merchant payments,2056426,1036249753.927803,4,2018,madhya-pradesh
Financial Services,313540,43367243.154430926,4,2018,madhya-pradesh
Others,297532,259296894.0382775,4,2018,madhya-pradesh
Peer-to-peer payments,23708825,44114206183.09186,1,2019,madhya-pradesh
Recharge & bill payments,9966905,2423593841.716142,1,2019,madhya-pradesh
Merchant payments,3018928,1263699222.350108,1,2019,madhya-pradesh
Financial Services,290838,28901169.29249904,1,2019,madhya-pradesh
Others,315553,239879105.5972368,1,2019,madhya-pradesh
Peer-to-peer payments,20868744,61758841793.87666,2,2019,madhya-pradesh
Recharge & bill payments,12044969,3571897178.303101,2,2019,madhya-pradesh
Merchant payments,7331352,2671155681.449155,2,2019,madhya-pradesh
Financial Services,149197,18869661.51348576,2,2019,madhya-pradesh
Others,451751,313802065.4154737,2,2019,madhya-pradesh
Peer-to-peer payments,22631038,67648107703.0357,3,2019,madhya-pradesh
Merchant payments,17163551,5147459307.101742,3,2019,madhya-pradesh
Recharge & bill payments,13156616,4576521609.4608345,3,2019,madhya-pradesh
Financial Services,192821,25654168.60092132,3,2019,madhya-pradesh
Others,466385,278578703.0441117,3,2019,madhya-pradesh
Peer-to-peer payments,32083162,92064471161.9892,4,2019,madhya-pradesh
Merchant payments,19447707,7304157801.612935,4,2019,madhya-pradesh
Recharge & bill payments,16081734,5104821720.999017,4,2019,madhya-pradesh
Financial Services,127116,24020060.93213319,4,2019,madhya-pradesh
Others,392270,190456045.32494444,4,2019,madhya-pradesh
Peer-to-peer payments,34540722,110325991607.3847,1,2020,madhya-pradesh
Merchant payments,24618074,9898242848.257929,1,2020,madhya-pradesh
Recharge & bill payments,19788516,6311610609.846225,1,2020,madhya-pradesh
Financial Services,68055,30645714.401902907,1,2020,madhya-pradesh
Others,351379,170790656.3033978,1,2020,madhya-pradesh
Peer-to-peer payments,34860958,128184693854.7977,2,2020,madhya-pradesh
Recharge & bill payments,27497528,8904067957.012121,2,2020,madhya-pradesh
Merchant payments,13685723,10666223053.63472,2,2020,madhya-pradesh
Financial Services,80988,62073621.44351514,2,2020,madhya-pradesh
Others,215376,104956802.1743797,2,2020,madhya-pradesh
Peer-to-peer payments,50871564,174978985034.2865,3,2020,madhya-pradesh
Merchant payments,31879804,20621273981.659657,3,2020,madhya-pradesh
Recharge & bill payments,25380467,9834190567.205517,3,2020,madhya-pradesh
Financial Services,131725,122971108.0706019,3,2020,madhya-pradesh
Others,316321,144259293.3158339,3,2020,madhya-pradesh
Peer-to-peer payments,67972167,235584201864.2234,4,2020,madhya-pradesh
Merchant payments,57707471,37315576877.14569,4,2020,madhya-pradesh
Recharge & bill payments,27335834,10977774483.32556,4,2020,madhya-pradesh
Financial Services,149532,132590450.0707424,4,2020,madhya-pradesh
Others,487537,264996097.6059612,4,2020,madhya-pradesh
Merchant payments,84812245,50098244499.506615,1,2021,madhya-pradesh
Peer-to-peer payments,84070625,279938170703.8171,1,2021,madhya-pradesh
Recharge & bill payments,32500681,13060914041.0394,1,2021,madhya-pradesh
Financial Services,169378,161838389.7954778,1,2021,madhya-pradesh
Others,445569,274786748.1299523,1,2021,madhya-pradesh
Peer-to-peer payments,99367521,348935762191.1048,2,2021,madhya-pradesh
Merchant payments,77113464,58839392449.9937,2,2021,madhya-pradesh
Recharge & bill payments,46118636,17230546398.84866,2,2021,madhya-pradesh
Financial Services,188726,177313389.66602692,2,2021,madhya-pradesh
Others,526333,317753606.0115695,2,2021,madhya-pradesh
Merchant payments,138433772,85885669792.43228,3,2021,madhya-pradesh
Peer-to-peer payments,127654821,398912712886.4574,3,2021,madhya-pradesh
Recharge & bill payments,44437315,19025346050.62772,3,2021,madhya-pradesh
Financial Services,174454,180366422.5824598,3,2021,madhya-pradesh
Others,742972,408508699.4365407,3,2021,madhya-pradesh
Merchant payments,197193842,126461098235.02321,4,2021,madhya-pradesh
Peer-to-peer payments,159649020,507118521843.3588,4,2021,madhya-pradesh
Recharge & bill payments,46220966,22492766779.15663,4,2021,madhya-pradesh
Financial Services,247925,246488171.3779264,4,2021,madhya-pradesh
Others,996331,568617375.5894115,4,2021,madhya-pradesh
Merchant payments,237691924,143310226696.7226,1,2022,madhya-pradesh
Peer-to-peer payments,185008444,578201697703.7521,1,2022,madhya-pradesh
Recharge & bill payments,48870314,25437774564.26215,1,2022,madhya-pradesh
Financial Services,222923,219927120.15944028,1,2022,madhya-pradesh
Others,909453,495513514.75128734,1,2022,madhya-pradesh
Merchant payments,287616385,174183397721.35928,2,2022,madhya-pradesh
Peer-to-peer payments,202093283,663180522499.3412,2,2022,madhya-pradesh
Recharge & bill payments,54318983,29125694281.81933,2,2022,madhya-pradesh
Financial Services,157672,153944499.7449031,2,2022,madhya-pradesh
Others,713506,381178326.3209058,2,2022,madhya-pradesh
Merchant payments,391105651,212445928287.3991,3,2022,madhya-pradesh
Peer-to-peer payments,267013695,780650402034.3962,3,2022,madhya-pradesh
Recharge & bill payments,72148870,39132574047.51802,3,2022,madhya-pradesh
Financial Services,240678,236981163.63162848,3,2022,madhya-pradesh
Others,750665,442608716.71893203,3,2022,madhya-pradesh
Merchant payments,492999084,272801597092.4764,4,2022,madhya-pradesh
Peer-to-peer payments,325467851,984255199293.6544,4,2022,madhya-pradesh
Recharge & bill payments,79289399,45143248068.817345,4,2022,madhya-pradesh
Financial Services,286931,278304972.6470296,4,2022,madhya-pradesh
Others,785003,521508120.7286146,4,2022,madhya-pradesh
Recharge & bill payments,9670237,2283567431.2235346,1,2018,maharashtra
Peer-to-peer payments,5227770,18283896464.7509,1,2018,maharashtra
Merchant payments,616779,576964070.7366859,1,2018,maharashtra
Financial Services,235051,60997258.06029972,1,2018,maharashtra
Others,637197,506188032.9539564,1,2018,maharashtra
Recharge & bill payments,12384216,3725800358.6814823,2,2018,maharashtra
Peer-to-peer payments,7772336,30782831245.6586,2,2018,maharashtra
Merchant payments,1306326,1226121649.498959,2,2018,maharashtra
Financial Services,262875,85545909.43528841,2,2018,maharashtra
Others,559987,536758077.84638786,2,2018,maharashtra
Recharge & bill payments,14371791,4547486090.186737,3,2018,maharashtra
Peer-to-peer payments,13470065,45466534003.980484,3,2018,maharashtra
Merchant payments,2797204,1702220875.434385,3,2018,maharashtra
Financial Services,234598,52348968.006728604,3,2018,maharashtra
Others,664880,492227795.6386977,3,2018,maharashtra
Peer-to-peer payments,20824667,68974011019.10294,4,2018,maharashtra
Recharge & bill payments,18071025,5860865070.470685,4,2018,maharashtra
Merchant payments,6047705,3985195742.248014,4,2018,maharashtra
Financial Services,325121,77345546.53012432,4,2018,maharashtra
Others,821705,621519669.4818641,4,2018,maharashtra
Peer-to-peer payments,37360716,97373087988.0887,1,2019,maharashtra
Recharge & bill payments,24540041,8256500586.651281,1,2019,maharashtra
Merchant payments,12069119,5172594695.5318,1,2019,maharashtra
Financial Services,287569,49487746.20873056,1,2019,maharashtra
Others,821624,569019903.8604957,1,2019,maharashtra
Peer-to-peer payments,42546317,130558153687.95421,2,2019,maharashtra
Recharge & bill payments,29395661,12197234771.43427,2,2019,maharashtra
Merchant payments,27854042,9728561726.767143,2,2019,maharashtra
Financial Services,182840,45291636.105074815,2,2019,maharashtra
Others,1170993,765228265.7976472,2,2019,maharashtra
Peer-to-peer payments,57991699,165731686168.55753,3,2019,maharashtra
Merchant payments,54683738,17545729507.39597,3,2019,maharashtra
Recharge & bill payments,34309301,15471698543.73959,3,2019,maharashtra
Financial Services,231467,54108447.39407451,3,2019,maharashtra
Others,1519376,814284077.8637519,3,2019,maharashtra
Merchant payments,80127804,27209874138.487553,4,2019,maharashtra
Peer-to-peer payments,78795871,227268054757.21692,4,2019,maharashtra
Recharge & bill payments,40705998,17794666215.04444,4,2019,maharashtra
Financial Services,129755,49622863.824426055,4,2019,maharashtra
Others,1501192,672210824.9770112,4,2019,maharashtra
Merchant payments,100337738,35200130304.82776,1,2020,maharashtra
Peer-to-peer payments,87067410,262541205695.8384,1,2020,maharashtra
Recharge & bill payments,50199498,21603565070.425602,1,2020,maharashtra
Financial Services,123476,91363684.1276232,1,2020,maharashtra
Others,1215959,558931962.876125,1,2020,maharashtra
Peer-to-peer payments,74295930,239933338682.6934,2,2020,maharashtra
Recharge & bill payments,60856480,23112343247.416138,2,2020,maharashtra
Merchant payments,48965388,32859184582.21904,2,2020,maharashtra
Financial Services,206461,211733275.7829895,2,2020,maharashtra
Others,466502,242917371.3033281,2,2020,maharashtra
Peer-to-peer payments,108436214,351555554813.2122,3,2020,maharashtra
Merchant payments,100808237,60171102123.94888,3,2020,maharashtra
Recharge & bill payments,58082283,27915727882.59293,3,2020,maharashtra
Financial Services,325453,333669599.6188361,3,2020,maharashtra
Others,658737,331024593.0721529,3,2020,maharashtra
Merchant payments,189845640,103804638603.7461,4,2020,maharashtra
Peer-to-peer payments,151741840,485747881733.82294,4,2020,maharashtra
Recharge & bill payments,64556682,31556917821.77767,4,2020,maharashtra
Financial Services,398409,418399992.53957707,4,2020,maharashtra
Others,1078433,627692680.4078207,4,2020,maharashtra
Merchant payments,253043309,129493046208.1572,1,2021,maharashtra
Peer-to-peer payments,187021609,599213284361.7993,1,2021,maharashtra
Recharge & bill payments,76389103,40057211827.159615,1,2021,maharashtra
Financial Services,439551,492900202.6831521,1,2021,maharashtra
Others,966668,630909553.4508264,1,2021,maharashtra
Merchant payments,247194293,150864465217.023,2,2021,maharashtra
Peer-to-peer payments,228551961,719859665693.5271,2,2021,maharashtra
Recharge & bill payments,96271138,43154405548.44597,2,2021,maharashtra
Financial Services,504252,536780917.03591573,2,2021,maharashtra
Others,1094842,699738247.6695637,2,2021,maharashtra
Merchant payments,390051884,216701984638.98932,3,2021,maharashtra
Peer-to-peer payments,296951706,890860873379.5576,3,2021,maharashtra
Recharge & bill payments,103943973,50242023586.05604,3,2021,maharashtra
Financial Services,448646,579098938.658318,3,2021,maharashtra
Others,1477851,873324624.1826177,3,2021,maharashtra
Merchant payments,540351277,305512280091.4157,4,2021,maharashtra
Peer-to-peer payments,361865450,1109862480618.222,4,2021,maharashtra
Recharge & bill payments,105990417,58087950922.43887,4,2021,maharashtra
Financial Services,606265,707102765.3058928,4,2021,maharashtra
Others,1918093,1188658731.117536,4,2021,maharashtra
Merchant payments,646277671,340240479374.3683,1,2022,maharashtra
Peer-to-peer payments,411989717,1274889182430.209,1,2022,maharashtra
Recharge & bill payments,108896881,64507860103.55089,1,2022,maharashtra
Financial Services,583243,677612619.2786882,1,2022,maharashtra
Others,1758926,1084139453.7274752,1,2022,maharashtra
Merchant payments,810961772,428469294407.1603,2,2022,maharashtra
Peer-to-peer payments,470258043,1501201968773.811,2,2022,maharashtra
Recharge & bill payments,124280427,75110969246.16316,2,2022,maharashtra
Financial Services,490152,559321829.4503716,2,2022,maharashtra
Others,1542719,930827919.3035389,2,2022,maharashtra
Merchant payments,876618082,432250721734.13074,3,2022,maharashtra
Peer-to-peer payments,483481713,1434565548650.913,3,2022,maharashtra
Recharge & bill payments,124545840,79360150487.36568,3,2022,maharashtra
Financial Services,521362,571583115.6687979,3,2022,maharashtra
Others,1222420,831183386.4681726,3,2022,maharashtra
Merchant payments,1025666187,502660888415.46185,4,2022,maharashtra
Peer-to-peer payments,535142126,1622619308526.9612,4,2022,maharashtra
Recharge & bill payments,126118544,83576414221.03232,4,2022,maharashtra
Financial Services,620124,699276779.1906543,4,2022,maharashtra
Others,1228291,914951674.4842073,4,2022,maharashtra
Recharge & bill payments,50212,6463184.554711691,1,2018,manipur
Peer-to-peer payments,26382,115495173.5579644,1,2018,manipur
Financial Services,2660,412579.53985461866,1,2018,manipur
Merchant payments,1614,3616475.6407912206,1,2018,manipur
Others,3201,2058760.6368871084,1,2018,manipur
Recharge & bill payments,77991,11541247.78442091,2,2018,manipur
Peer-to-peer payments,60365,232157389.79148027,2,2018,manipur
Financial Services,5992,1241901.2660397931,2,2018,manipur
Merchant payments,4041,5366759.827729835,2,2018,manipur
Others,3332,2902422.6498233806,2,2018,manipur
Peer-to-peer payments,95204,357768750.1845896,3,2018,manipur
Recharge & bill payments,81323,13912990.484925142,3,2018,manipur
Merchant payments,7396,9180953.977358334,3,2018,manipur
Financial Services,2577,333081.6368315,3,2018,manipur
Others,2758,2135468.510417797,3,2018,manipur
Recharge & bill payments,113507,18898063.28238317,4,2018,manipur
Peer-to-peer payments,104872,562009595.9601889,4,2018,manipur
Merchant payments,13333,20685433.284307167,4,2018,manipur
Financial Services,1452,307325.2437723951,4,2018,manipur
Others,2946,3783141.5353601985,4,2018,manipur
Peer-to-peer payments,127067,619919870.7455351,1,2019,manipur
Recharge & bill payments,120000,22106830.36914923,1,2019,manipur
Merchant payments,15190,14580183.380707521,1,2019,manipur
Financial Services,800,174777.17283837448,1,2019,manipur
Others,2352,3116398.755848917,1,2019,manipur
Peer-to-peer payments,120153,679785849.1398684,2,2019,manipur
Recharge & bill payments,116500,23573234.27306028,2,2019,manipur
Merchant payments,18044,15996651.145700552,2,2019,manipur
Financial Services,387,91955.01538259834,2,2019,manipur
Others,2341,3342252.5754885403,2,2019,manipur
Recharge & bill payments,180057,36634657.049143404,3,2019,manipur
Peer-to-peer payments,144965,803335616.6325191,3,2019,manipur
Merchant payments,17683,20490224.44304125,3,2019,manipur
Financial Services,358,367865.7884662621,3,2019,manipur
Others,1945,2723638.649764262,3,2019,manipur
Recharge & bill payments,212136,44202546.5739608,4,2019,manipur
Peer-to-peer payments,211927,1123258478.445069,4,2019,manipur
Merchant payments,23094,30486780.44638214,4,2019,manipur
Financial Services,548,240641.7657683481,4,2019,manipur
Others,1639,2709234.857456133,4,2019,manipur
Peer-to-peer payments,451733,2458093401.740467,1,2020,manipur
Recharge & bill payments,285234,62688260.37954809,1,2020,manipur
Merchant payments,78067,74202067.0664826,1,2020,manipur
Financial Services,622,354184.4660589617,1,2020,manipur
Others,3145,3252467.2243867153,1,2020,manipur
Peer-to-peer payments,533206,2980242535.0754433,2,2020,manipur
Recharge & bill payments,450830,107589094.2989046,2,2020,manipur
Merchant payments,92110,106540409.2988668,2,2020,manipur
Financial Services,1676,1457570.8004862315,2,2020,manipur
Others,5246,3106603.331810386,2,2020,manipur
Peer-to-peer payments,774786,4301284799.331292,3,2020,manipur
Recharge & bill payments,464659,113190539.1496906,3,2020,manipur
Merchant payments,170653,195132026.6311202,3,2020,manipur
Financial Services,1878,1593035.944066228,3,2020,manipur
Others,8192,4775719.8143366445,3,2020,manipur
Peer-to-peer payments,892853,5172499337.5304365,4,2020,manipur
Recharge & bill payments,436450,114202616.34869759,4,2020,manipur
Merchant payments,289050,307902115.3820773,4,2020,manipur
Financial Services,1806,2448402.9142817147,4,2020,manipur
Others,7693,5172086.283260544,4,2020,manipur
Peer-to-peer payments,1117829,6402367883.667422,1,2021,manipur
Recharge & bill payments,796590,223955812.5864439,1,2021,manipur
Merchant payments,377280,433297594.1352152,1,2021,manipur
Financial Services,3398,4385333.1754908115,1,2021,manipur
Others,8438,6280890.914669826,1,2021,manipur
Peer-to-peer payments,1372821,7041837917.785187,2,2021,manipur
Recharge & bill payments,1187952,305103750.5728581,2,2021,manipur
Merchant payments,510734,531484849.4914169,2,2021,manipur
Financial Services,4165,4256098.232237183,2,2021,manipur
Others,10603,7145346.314942012,2,2021,manipur
Peer-to-peer payments,1819423,9134806594.528189,3,2021,manipur
Recharge & bill payments,1368584,367664440.5323726,3,2021,manipur
Merchant payments,735707,889317377.086526,3,2021,manipur
Financial Services,3460,5625517.975461649,3,2021,manipur
Others,14222,9447098.78230339,3,2021,manipur
Peer-to-peer payments,2199970,10998828287.529041,4,2021,manipur
Recharge & bill payments,1451488,412791673.80376637,4,2021,manipur
Merchant payments,1013985,1229517397.456187,4,2021,manipur
Financial Services,4671,5941100.580610943,4,2021,manipur
Others,17325,11393578.84222715,4,2021,manipur
Peer-to-peer payments,2517626,12169368063.4095,1,2022,manipur
Recharge & bill payments,1528476,469035958.3484127,1,2022,manipur
Merchant payments,1247205,1489604137.209088,1,2022,manipur
Financial Services,4878,6057615.527015026,1,2022,manipur
Others,15494,10435303.87979853,1,2022,manipur
Peer-to-peer payments,2843426,12704512238.8096,2,2022,manipur
Merchant payments,1709547,1757831052.0706978,2,2022,manipur
Recharge & bill payments,1533778,448637966.718931,2,2022,manipur
Financial Services,4069,4753628.558008127,2,2022,manipur
Others,14812,7175748.992065379,2,2022,manipur
Peer-to-peer payments,3127266,12927705072.13747,3,2022,manipur
Merchant payments,1829741,2010460357.0881658,3,2022,manipur
Recharge & bill payments,1379911,432182393.8403873,3,2022,manipur
Financial Services,4524,4671353.405444902,3,2022,manipur
Others,11300,6411090.828254536,3,2022,manipur
Peer-to-peer payments,3259645,13133729481.472109,4,2022,manipur
Merchant payments,1828984,2074698993.4220653,4,2022,manipur
Recharge & bill payments,1325391,406031254.0798015,4,2022,manipur
Financial Services,4691,5754919.963910458,4,2022,manipur
Others,9959,5742049.403589871,4,2022,manipur
Recharge & bill payments,31857,6028476.149090356,1,2018,meghalaya
Peer-to-peer payments,13274,55943496.515886314,1,2018,meghalaya
Merchant payments,1605,2395888.4397623385,1,2018,meghalaya
Financial Services,532,144318.2545571151,1,2018,meghalaya
Others,2303,1738080.43060439,1,2018,meghalaya
Recharge & bill payments,42625,9657896.164724296,2,2018,meghalaya
Peer-to-peer payments,19894,101140464.66239841,2,2018,meghalaya
Merchant payments,2929,3663446.436220131,2,2018,meghalaya
Financial Services,592,580648.3434132106,2,2018,meghalaya
Others,1817,1962212.2350756058,2,2018,meghalaya
Recharge & bill payments,60625,14231601.45337125,3,2018,meghalaya
Peer-to-peer payments,40832,187460582.0575471,3,2018,meghalaya
Merchant payments,5802,5458930.689379572,3,2018,meghalaya
Financial Services,748,552674.5783359876,3,2018,meghalaya
Others,2283,2149872.755760235,3,2018,meghalaya
Recharge & bill payments,82962,18100891.63734417,4,2018,meghalaya
Peer-to-peer payments,58952,301941442.7059927,4,2018,meghalaya
Merchant payments,15768,14434314.19334248,4,2018,meghalaya
Financial Services,763,190875.18848979956,4,2018,meghalaya
Others,2687,2918155.2795046642,4,2018,meghalaya
Recharge & bill payments,98817,23006751.7955049,1,2019,meghalaya
Peer-to-peer payments,90694,358932132.1046898,1,2019,meghalaya
Merchant payments,16073,14297275.23052785,1,2019,meghalaya
Financial Services,659,62335.064750311045,1,2019,meghalaya
Others,2498,2738667.957962149,1,2019,meghalaya
Recharge & bill payments,108812,27248605.429233354,2,2019,meghalaya
Peer-to-peer payments,97407,446537199.1735683,2,2019,meghalaya
Merchant payments,22588,15600927.00662913,2,2019,meghalaya
Financial Services,460,106800.75308155928,2,2019,meghalaya
Others,3019,3437756.744766518,2,2019,meghalaya
Recharge & bill payments,155949,38916251.421657145,3,2019,meghalaya
Peer-to-peer payments,116168,546221812.6889315,3,2019,meghalaya
Merchant payments,31201,23461321.88981022,3,2019,meghalaya
Financial Services,421,584192.9488108774,3,2019,meghalaya
Others,2811,3035023.204323471,3,2019,meghalaya
Recharge & bill payments,175084,43611775.02621875,4,2019,meghalaya
Peer-to-peer payments,163734,670870023.4297696,4,2019,meghalaya
Merchant payments,24430,25344714.50557894,4,2019,meghalaya
Financial Services,382,124511.63613216748,4,2019,meghalaya
Others,2351,2485447.192519395,4,2019,meghalaya
Recharge & bill payments,226214,59666071.21530793,1,2020,meghalaya
Peer-to-peer payments,216022,1013733312.3935759,1,2020,meghalaya
Merchant payments,57245,44125206.34755945,1,2020,meghalaya
Financial Services,473,402779.89033132966,1,2020,meghalaya
Others,2329,2207471.061039081,1,2020,meghalaya
Recharge & bill payments,382662,100570200.2527169,2,2020,meghalaya
Peer-to-peer payments,202270,998750895.9111594,2,2020,meghalaya
Merchant payments,46014,48980521.41595118,2,2020,meghalaya
Financial Services,1186,2944583.114737345,2,2020,meghalaya
Others,3263,2488953.643832149,2,2020,meghalaya
Recharge & bill payments,342484,97662913.13408674,3,2020,meghalaya
Peer-to-peer payments,194448,1065012681.71261,3,2020,meghalaya
Merchant payments,55595,67511647.1349487,3,2020,meghalaya
Financial Services,1587,4049966.8133478058,3,2020,meghalaya
Others,3465,2821792.5880408054,3,2020,meghalaya
Recharge & bill payments,350006,102794647.7641504,4,2020,meghalaya
Peer-to-peer payments,286252,1579858348.067054,4,2020,meghalaya
Merchant payments,111471,115136797.58942299,4,2020,meghalaya
Financial Services,1809,2774557.112070617,4,2020,meghalaya
Others,4470,3678221.666272167,4,2020,meghalaya
Peer-to-peer payments,326993,1794745857.318895,1,2021,meghalaya
Recharge & bill payments,306634,106098525.6561472,1,2021,meghalaya
Merchant payments,108805,147747773.0189682,1,2021,meghalaya
Financial Services,1777,3981898.0457751974,1,2021,meghalaya
Others,3437,2941223.950049905,1,2021,meghalaya
Recharge & bill payments,389959,129031455.70772581,2,2021,meghalaya
Peer-to-peer payments,366411,1885041503.797046,2,2021,meghalaya
Merchant payments,147406,173894963.0043967,2,2021,meghalaya
Financial Services,1766,2306496.854595862,2,2021,meghalaya
Others,4052,3342835.5268340455,2,2021,meghalaya
Peer-to-peer payments,473274,2348008593.21644,3,2021,meghalaya
Recharge & bill payments,418429,144363692.7522,3,2021,meghalaya
Merchant payments,199427,270311210.89072233,3,2021,meghalaya
Financial Services,1556,2379067.1150075165,3,2021,meghalaya
Others,5045,3937887.553600684,3,2021,meghalaya
Peer-to-peer payments,669693,3233210261.728197,4,2021,meghalaya
Recharge & bill payments,447310,165277548.4594013,4,2021,meghalaya
Merchant payments,314445,442464385.0377933,4,2021,meghalaya
Financial Services,1989,2464327.9242311358,4,2021,meghalaya
Others,6756,5348877.036531466,4,2021,meghalaya
Peer-to-peer payments,801009,3899172008.7001147,1,2022,meghalaya
Recharge & bill payments,459530,192026788.60457042,1,2022,meghalaya
Merchant payments,405859,563004043.9315958,1,2022,meghalaya
Financial Services,2134,3019251.8598936894,1,2022,meghalaya
Others,6218,5116238.235718384,1,2022,meghalaya
Peer-to-peer payments,977816,4359000096.157877,2,2022,meghalaya
Merchant payments,591364,714995836.5962032,2,2022,meghalaya
Recharge & bill payments,467745,200896879.69103923,2,2022,meghalaya
Financial Services,1880,2406087.095158501,2,2022,meghalaya
Others,5844,4192522.344518611,2,2022,meghalaya
Peer-to-peer payments,2050942,7796315453.507147,3,2022,meghalaya
Merchant payments,1486098,1468318733.135396,3,2022,meghalaya
Recharge & bill payments,810017,330230375.9276109,3,2022,meghalaya
Financial Services,3504,3106775.3857113793,3,2022,meghalaya
Others,8604,5329459.165683068,3,2022,meghalaya
Peer-to-peer payments,1901671,7328913724.3339405,4,2022,meghalaya
Merchant payments,1334431,1381013596.832624,4,2022,meghalaya
Recharge & bill payments,685678,278377945.4316914,4,2022,meghalaya
Financial Services,3544,3564357.119764914,4,2022,meghalaya
Others,7124,4671532.630633753,4,2022,meghalaya
Recharge & bill payments,10155,2199565.258913744,1,2018,mizoram
Peer-to-peer payments,6845,41186717.27800166,1,2018,mizoram
Merchant payments,616,1066002.1670622267,1,2018,mizoram
Financial Services,260,65022.49896840689,1,2018,mizoram
Others,685,709912.772844791,1,2018,mizoram
Recharge & bill payments,13550,3107406.501616686,2,2018,mizoram
Peer-to-peer payments,11427,77040044.25291511,2,2018,mizoram
Merchant payments,1310,2368711.975892641,2,2018,mizoram
Financial Services,167,60939.77304627103,2,2018,mizoram
Others,597,931303.0542636234,2,2018,mizoram
Peer-to-peer payments,18564,108783543.9098094,3,2018,mizoram
Recharge & bill payments,17610,4050433.5962071815,3,2018,mizoram
Merchant payments,2310,2952533.8004545765,3,2018,mizoram
Financial Services,240,43891.23943201654,3,2018,mizoram
Others,592,770335.5794872268,3,2018,mizoram
Peer-to-peer payments,26212,177049162.13058332,4,2018,mizoram
Recharge & bill payments,24533,5523702.976434887,4,2018,mizoram
Merchant payments,3699,6911586.608122997,4,2018,mizoram
Financial Services,145,35654.18337878893,4,2018,mizoram
Others,653,906746.6310095722,4,2018,mizoram
Peer-to-peer payments,35126,204183867.4116538,1,2019,mizoram
Recharge & bill payments,30327,6760113.704148788,1,2019,mizoram
Merchant payments,3984,6470456.031897823,1,2019,mizoram
Financial Services,133,33512.39606736117,1,2019,mizoram
Others,736,712945.8536347556,1,2019,mizoram
Peer-to-peer payments,37364,233471780.00357,2,2019,mizoram
Recharge & bill payments,31903,7823562.397702506,2,2019,mizoram
Merchant payments,5646,5889316.861228463,2,2019,mizoram
Financial Services,80,14455.380988399309,2,2019,mizoram
Others,678,817593.4915248882,2,2019,mizoram
Recharge & bill payments,49073,12966806.696277108,3,2019,mizoram
Peer-to-peer payments,42645,257538220.2277506,3,2019,mizoram
Merchant payments,5560,7397529.021326996,3,2019,mizoram
Financial Services,94,72985.31151294889,3,2019,mizoram
Others,722,818358.6944744462,3,2019,mizoram
Recharge & bill payments,60511,16857122.3073061,4,2019,mizoram
Peer-to-peer payments,57109,341664291.49368536,4,2019,mizoram
Merchant payments,6939,9451111.139352825,4,2019,mizoram
Financial Services,100,20966.3333050078,4,2019,mizoram
Others,580,695859.360839114,4,2019,mizoram
Recharge & bill payments,85067,24356294.58523286,1,2020,mizoram
Peer-to-peer payments,57916,356260523.23262954,1,2020,mizoram
Merchant payments,9961,10404414.59250477,1,2020,mizoram
Financial Services,119,283854.3188381147,1,2020,mizoram
Others,546,772492.6204317764,1,2020,mizoram
Recharge & bill payments,127592,37504550.777320914,2,2020,mizoram
Peer-to-peer payments,60021,404110075.08639586,2,2020,mizoram
Merchant payments,10056,14627463.66427093,2,2020,mizoram
Financial Services,244,434960.2799078573,2,2020,mizoram
Others,549,516383.63442262856,2,2020,mizoram
Recharge & bill payments,132664,40941077.03285695,3,2020,mizoram
Peer-to-peer payments,99644,634560147.35069,3,2020,mizoram
Merchant payments,20934,30693648.23645142,3,2020,mizoram
Financial Services,535,824864.513127287,3,2020,mizoram
Others,926,924438.3714747172,3,2020,mizoram
Peer-to-peer payments,141038,887252744.0676681,4,2020,mizoram
Recharge & bill payments,140297,45386403.17281592,4,2020,mizoram
Merchant payments,39676,52094800.565094605,4,2020,mizoram
Financial Services,607,855201.5881157237,4,2020,mizoram
Others,989,932966.3002634952,4,2020,mizoram
Peer-to-peer payments,156386,982955112.1892779,1,2021,mizoram
Recharge & bill payments,128055,45558278.223239526,1,2021,mizoram
Merchant payments,43511,70289687.94622748,1,2021,mizoram
Financial Services,648,1330632.9787811027,1,2021,mizoram
Others,975,971875.6084117102,1,2021,mizoram
Peer-to-peer payments,173064,995581952.9034051,2,2021,mizoram
Recharge & bill payments,161763,56059844.23965932,2,2021,mizoram
Merchant payments,57877,69528721.40156102,2,2021,mizoram
Financial Services,611,710657.5065644829,2,2021,mizoram
Others,1025,993297.250902934,2,2021,mizoram
Peer-to-peer payments,224873,1290523196.259221,3,2021,mizoram
Recharge & bill payments,177281,67493206.62394348,3,2021,mizoram
Merchant payments,74553,113697005.8982099,3,2021,mizoram
Financial Services,522,806905.9729422838,3,2021,mizoram
Others,1300,1228335.4576346257,3,2021,mizoram
Peer-to-peer payments,272209,1545255603.41191,4,2021,mizoram
Recharge & bill payments,179405,67548806.84754582,4,2021,mizoram
Merchant payments,99265,154183940.7282649,4,2021,mizoram
Financial Services,695,2202285.707728365,4,2021,mizoram
Others,1755,1475104.827591939,4,2021,mizoram
Peer-to-peer payments,302740,1691281089.989316,1,2022,mizoram
Recharge & bill payments,190137,76541062.33691594,1,2022,mizoram
Merchant payments,109669,174157725.4146987,1,2022,mizoram
Financial Services,731,1657575.282816791,1,2022,mizoram
Others,1640,1521510.587498479,1,2022,mizoram
Peer-to-peer payments,332102,1739114390.301662,2,2022,mizoram
Recharge & bill payments,172281,70775723.34635986,2,2022,mizoram
Merchant payments,137279,191484723.7683956,2,2022,mizoram
Financial Services,656,801633.2114598342,2,2022,mizoram
Others,1659,1010096.4810587188,2,2022,mizoram
Peer-to-peer payments,349715,1665955694.984817,3,2022,mizoram
Recharge & bill payments,156874,68463689.80469276,3,2022,mizoram
Merchant payments,150320,209934220.2832684,3,2022,mizoram
Financial Services,802,880187.5512756812,3,2022,mizoram
Others,1327,1031819.4438998674,3,2022,mizoram
Peer-to-peer payments,378295,1750113148.3068101,4,2022,mizoram
Merchant payments,164389,222455759.17733783,4,2022,mizoram
Recharge & bill payments,148573,63477925.042983845,4,2022,mizoram
Financial Services,932,949850.198945797,4,2022,mizoram
Others,1585,914402.5369417528,4,2022,mizoram
Recharge & bill payments,28198,5361675.549623315,1,2018,nagaland
Peer-to-peer payments,11631,69830122.02063876,1,2018,nagaland
Merchant payments,822,1170667.4151649117,1,2018,nagaland
Financial Services,399,299016.7345620737,1,2018,nagaland
Others,1795,1344409.3661360394,1,2018,nagaland
Recharge & bill payments,41959,9139467.703980098,2,2018,nagaland
Peer-to-peer payments,20099,140193107.6968359,2,2018,nagaland
Merchant payments,1529,2293935.490835924,2,2018,nagaland
Financial Services,379,153458.5231626137,2,2018,nagaland
Others,1633,1545608.465487119,2,2018,nagaland
Recharge & bill payments,54885,12664922.72411738,3,2018,nagaland
Peer-to-peer payments,33930,223964723.15160477,3,2018,nagaland
Merchant payments,3518,3631042.2777308393,3,2018,nagaland
Financial Services,460,125171.61850935029,3,2018,nagaland
Others,1578,1406883.1646908007,3,2018,nagaland
Recharge & bill payments,72881,16615511.420430308,4,2018,nagaland
Peer-to-peer payments,53723,358926253.4309472,4,2018,nagaland
Merchant payments,10350,10500634.794542968,4,2018,nagaland
Financial Services,587,216127.40846239947,4,2018,nagaland
Others,1792,1754940.4912408509,4,2018,nagaland
Recharge & bill payments,87596,20020458.076388802,1,2019,nagaland
Peer-to-peer payments,71642,411855878.2498224,1,2019,nagaland
Merchant payments,7306,8187940.322092213,1,2019,nagaland
Financial Services,430,101072.89773317604,1,2019,nagaland
Others,1605,1776362.8662935253,1,2019,nagaland
Recharge & bill payments,92492,21350211.077814262,2,2019,nagaland
Peer-to-peer payments,81065,487705354.4657044,2,2019,nagaland
Merchant payments,12949,8990954.079767609,2,2019,nagaland
Financial Services,286,129758.00259777348,2,2019,nagaland
Others,1961,1890404.5326202572,2,2019,nagaland
Recharge & bill payments,145812,33293527.932100527,3,2019,nagaland
Peer-to-peer payments,100736,601803135.4703114,3,2019,nagaland
Merchant payments,13031,13381591.199777829,3,2019,nagaland
Financial Services,210,229319.84921986386,3,2019,nagaland
Others,2089,2248897.2620018576,3,2019,nagaland
Recharge & bill payments,172761,39720745.59767096,4,2019,nagaland
Peer-to-peer payments,128674,777298578.6127516,4,2019,nagaland
Merchant payments,13578,15460907.22890028,4,2019,nagaland
Financial Services,499,283291.7740842187,4,2019,nagaland
Others,1658,1773615.1353679793,4,2019,nagaland
Recharge & bill payments,221741,53662023.320165426,1,2020,nagaland
Peer-to-peer payments,135966,821508819.5893909,1,2020,nagaland
Merchant payments,18249,17663339.36989499,1,2020,nagaland
Financial Services,528,215066.78349539996,1,2020,nagaland
Others,1567,1730779.6714233835,1,2020,nagaland
Recharge & bill payments,328269,85264116.11779374,2,2020,nagaland
Peer-to-peer payments,166866,1025000209.957431,2,2020,nagaland
Merchant payments,20004,25214703.91023749,2,2020,nagaland
Financial Services,860,989239.9671938312,2,2020,nagaland
Others,1567,1206234.3951445608,2,2020,nagaland
Recharge & bill payments,347494,91214897.18744522,3,2020,nagaland
Peer-to-peer payments,330638,1851638119.5398219,3,2020,nagaland
Merchant payments,51912,62568884.132165715,3,2020,nagaland
Financial Services,2544,2136903.0242114514,3,2020,nagaland
Others,3731,2090339.2711506593,3,2020,nagaland
Peer-to-peer payments,417393,2563827858.048714,4,2020,nagaland
Recharge & bill payments,335297,91929581.87730268,4,2020,nagaland
Merchant payments,90496,113115660.1740555,4,2020,nagaland
Financial Services,1068,1017278.309874404,4,2020,nagaland
Others,3571,3194492.1527384534,4,2020,nagaland
Peer-to-peer payments,477346,2841021698.4844904,1,2021,nagaland
Recharge & bill payments,376473,110095189.5931618,1,2021,nagaland
Merchant payments,116846,151202427.14605328,1,2021,nagaland
Financial Services,1511,1929643.694251965,1,2021,nagaland
Others,3721,3201525.695241506,1,2021,nagaland
Peer-to-peer payments,526966,2847731457.571479,2,2021,nagaland
Recharge & bill payments,453979,126962524.74536932,2,2021,nagaland
Merchant payments,144413,176831583.13676438,2,2021,nagaland
Financial Services,1624,1785915.6371230448,2,2021,nagaland
Others,3809,2982482.691132756,2,2021,nagaland
Peer-to-peer payments,667633,3536780176.7792263,3,2021,nagaland
Recharge & bill payments,474693,141172028.2389747,3,2021,nagaland
Merchant payments,208387,304493279.8158357,3,2021,nagaland
Financial Services,1437,1634878.888862805,3,2021,nagaland
Others,4642,3336484.2825483214,3,2021,nagaland
Peer-to-peer payments,819452,4335295237.9809065,4,2021,nagaland
Recharge & bill payments,492411,154359432.07659012,4,2021,nagaland
Merchant payments,311673,442578210.0882374,4,2021,nagaland
Financial Services,1790,2263055.5218537706,4,2021,nagaland
Others,6157,4587848.468888722,4,2021,nagaland
Peer-to-peer payments,963378,4798355631.574022,1,2022,nagaland
Recharge & bill payments,529038,175942440.62210852,1,2022,nagaland
Merchant payments,425336,563650239.9471383,1,2022,nagaland
Financial Services,2022,2503998.824974763,1,2022,nagaland
Others,6178,4499397.927512417,1,2022,nagaland
Peer-to-peer payments,1032542,4933041257.229492,2,2022,nagaland
Merchant payments,513456,640665988.1540828,2,2022,nagaland
Recharge & bill payments,479322,162238616.41478142,2,2022,nagaland
Financial Services,1547,1519503.219426635,2,2022,nagaland
Others,4462,2819984.0024981033,2,2022,nagaland
Peer-to-peer payments,990896,4568905305.863961,3,2022,nagaland
Merchant payments,467257,642368278.6360128,3,2022,nagaland
Recharge & bill payments,430854,148324294.672107,3,2022,nagaland
Financial Services,1479,2345498.6025009975,3,2022,nagaland
Others,3627,2457117.2762476145,3,2022,nagaland
Peer-to-peer payments,1314122,5888068476.789,4,2022,nagaland
Merchant payments,647805,906834415.4525999,4,2022,nagaland
Recharge & bill payments,508230,170028535.796474,4,2022,nagaland
Financial Services,2104,1909585.0695077945,4,2022,nagaland
Others,3944,3125371.2064643847,4,2022,nagaland
Recharge & bill payments,2874109,331254466.1508661,1,2018,odisha
Peer-to-peer payments,2305610,4033548999.193231,1,2018,odisha
Financial Services,323352,58099674.94576137,1,2018,odisha
Merchant payments,129659,112301341.6661862,1,2018,odisha
Others,177091,92427728.93143727,1,2018,odisha
Peer-to-peer payments,3989202,7621288195.565702,2,2018,odisha
Recharge & bill payments,3307545,482823290.3527084,2,2018,odisha
Financial Services,472304,67829259.91787937,2,2018,odisha
Merchant payments,257628,213530873.3537121,2,2018,odisha
Others,131465,102838720.4296912,2,2018,odisha
Peer-to-peer payments,24472139,22029087498.56217,3,2018,odisha
Recharge & bill payments,3886392,605721781.5285043,3,2018,odisha
Financial Services,836547,97292154.49117659,3,2018,odisha
Merchant payments,729995,275532813.4193075,3,2018,odisha
Others,127082,86881527.58366849,3,2018,odisha
Peer-to-peer payments,12285028,21804268077.596012,4,2018,odisha
Recharge & bill payments,5142124,773017649.5916129,4,2018,odisha
Merchant payments,3061813,682181415.8729986,4,2018,odisha
Financial Services,495495,55534399.30905172,4,2018,odisha
Others,158338,114868029.19162309,4,2018,odisha
Peer-to-peer payments,24117274,33342321630.61351,1,2019,odisha
Recharge & bill payments,6713747,1120730273.3482149,1,2019,odisha
Merchant payments,2690762,821493664.580642,1,2019,odisha
Financial Services,375910,34542738.88908587,1,2019,odisha
Others,134249,108039623.2681906,1,2019,odisha
Peer-to-peer payments,16455353,41423292021.95663,2,2019,odisha
Recharge & bill payments,7845252,1506620072.662459,2,2019,odisha
Merchant payments,4827067,1664621261.260024,2,2019,odisha
Financial Services,202705,20424212.30787918,2,2019,odisha
Others,181647,139897303.4868461,2,2019,odisha
Peer-to-peer payments,18490877,51447586885.48035,3,2019,odisha
Merchant payments,13984738,3895753253.334454,3,2019,odisha
Recharge & bill payments,8565917,1806123698.460937,3,2019,odisha
Financial Services,195034,31079934.75864201,3,2019,odisha
Others,185706,124033587.18883921,3,2019,odisha
Peer-to-peer payments,43284477,72966050937.29504,4,2019,odisha
Recharge & bill payments,10629461,2290841668.304525,4,2019,odisha
Merchant payments,10601703,4395710870.154251,4,2019,odisha
Financial Services,323887,38782542.045898676,4,2019,odisha
Others,156105,77987614.2508337,4,2019,odisha
Peer-to-peer payments,27110930,82863844732.4941,1,2020,odisha
Merchant payments,13269709,5738217250.06257,1,2020,odisha
Recharge & bill payments,13083524,3253609732.899296,1,2020,odisha
Financial Services,84037,27641460.905009564,1,2020,odisha
Others,134107,73485022.97217913,1,2020,odisha
Peer-to-peer payments,24520938,80990080777.89252,2,2020,odisha
Recharge & bill payments,17040333,4551061364.3448105,2,2020,odisha
Merchant payments,8313965,6092753944.948116,2,2020,odisha
Financial Services,66787,50322080.33851249,2,2020,odisha
Others,86553,48818444.57258892,2,2020,odisha
Peer-to-peer payments,34182172,107064668710.39911,3,2020,odisha
Recharge & bill payments,17126851,5015719823.514479,3,2020,odisha
Merchant payments,14519265,10242496366.43638,3,2020,odisha
Financial Services,90736,84971747.75755267,3,2020,odisha
Others,114805,56087156.18513397,3,2020,odisha
Peer-to-peer payments,47588728,153208735347.1269,4,2020,odisha
Merchant payments,27124765,19347472702.80409,4,2020,odisha
Recharge & bill payments,17318073,5532179002.0027895,4,2020,odisha
Financial Services,106189,104419909.66526452,4,2020,odisha
Others,187195,109856053.018205,4,2020,odisha
Peer-to-peer payments,54417515,181450436291.91052,1,2021,odisha
Merchant payments,38180718,25201936762.20583,1,2021,odisha
Recharge & bill payments,18633830,6552605937.545544,1,2021,odisha
Financial Services,87263,95064023.94844367,1,2021,odisha
Others,141032,97693172.7305285,1,2021,odisha
Peer-to-peer payments,66929109,208405882369.05438,2,2021,odisha
Merchant payments,39402607,29208847674.89984,2,2021,odisha
Recharge & bill payments,25183699,8024323050.14009,2,2021,odisha
Financial Services,102474,102761986.97553991,2,2021,odisha
Others,206448,122302396.20450991,2,2021,odisha
Peer-to-peer payments,85728576,251150860524.2256,3,2021,odisha
Merchant payments,64268830,43316348173.18004,3,2021,odisha
Recharge & bill payments,26943670,9025674783.4042,3,2021,odisha
Financial Services,97213,112383446.87807691,3,2021,odisha
Others,324385,175452005.353413,3,2021,odisha
Peer-to-peer payments,107560893,310704112799.8908,4,2021,odisha
Merchant payments,99512650,63383870318.301796,4,2021,odisha
Recharge & bill payments,26302130,10728834440.69789,4,2021,odisha
Financial Services,133004,147526652.49426863,4,2021,odisha
Others,416689,286705478.53455377,4,2021,odisha
Peer-to-peer payments,118999900,364447461107.4862,1,2022,odisha
Merchant payments,118108271,74302051597.7621,1,2022,odisha
Recharge & bill payments,26083549,12133153536.7818,1,2022,odisha
Financial Services,102802,118946014.37332991,1,2022,odisha
Others,338977,225699523.4203592,1,2022,odisha
Merchant payments,148544714,90369380298.62819,2,2022,odisha
Peer-to-peer payments,134717859,405793657448.26886,2,2022,odisha
Recharge & bill payments,29843263,13602640170.909231,2,2022,odisha
Financial Services,88649,95050158.46585183,2,2022,odisha
Others,257113,174284263.755097,2,2022,odisha
Merchant payments,188143417,102889591517.7743,3,2022,odisha
Peer-to-peer payments,161912635,444439407187.0311,3,2022,odisha
Recharge & bill payments,36270166,16916650473.3639,3,2022,odisha
Financial Services,113961,114005498.9846147,3,2022,odisha
Others,247147,185902663.39600113,3,2022,odisha
Merchant payments,222167575,121470843740.3327,4,2022,odisha
Peer-to-peer payments,186438654,512124643103.0661,4,2022,odisha
Recharge & bill payments,36735289,18266150373.351482,4,2022,odisha
Financial Services,132033,149681749.3076731,4,2022,odisha
Others,241192,205745557.94232672,4,2022,odisha
Recharge & bill payments,53125,9704752.648983236,1,2018,puducherry
Peer-to-peer payments,40303,147834476.1625061,1,2018,puducherry
Merchant payments,4163,4427034.0315394765,1,2018,puducherry
Financial Services,2086,565799.4553442572,1,2018,puducherry
Others,4535,3293909.0714630377,1,2018,puducherry
Recharge & bill payments,59867,14607336.89573175,2,2018,puducherry
Peer-to-peer payments,57751,261299695.1891191,2,2018,puducherry
Merchant payments,6904,6103101.528770715,2,2018,puducherry
Financial Services,2105,822585.95719087,2,2018,puducherry
Others,3634,2968399.9616244407,2,2018,puducherry
Peer-to-peer payments,101817,378368361.3617149,3,2018,puducherry
Recharge & bill payments,67909,19654338.11444956,3,2018,puducherry
Merchant payments,14384,16102024.275992202,3,2018,puducherry
Financial Services,1766,395306.6421075966,3,2018,puducherry
Others,4395,3138045.0999426576,3,2018,puducherry
Peer-to-peer payments,173170,569825171.3369759,4,2018,puducherry
Recharge & bill payments,95788,25159891.515702084,4,2018,puducherry
Merchant payments,29470,25999609.758757297,4,2018,puducherry
Financial Services,3490,689170.0726864681,4,2018,puducherry
Others,6046,4017822.739373042,4,2018,puducherry
Peer-to-peer payments,313822,835983054.254643,1,2019,puducherry
Recharge & bill payments,124092,32635247.52315308,1,2019,puducherry
Merchant payments,54518,33763704.68083725,1,2019,puducherry
Financial Services,3165,337570.322842385,1,2019,puducherry
Others,5495,3753447.525046112,1,2019,puducherry
Peer-to-peer payments,331248,1109343371.746654,2,2019,puducherry
Recharge & bill payments,147585,46876569.36325147,2,2019,puducherry
Merchant payments,92941,49963601.61554676,2,2019,puducherry
Financial Services,1524,469351.5481967761,2,2019,puducherry
Others,6779,4794015.854158426,2,2019,puducherry
Peer-to-peer payments,394866,1316118199.672093,3,2019,puducherry
Recharge & bill payments,158483,57003044.29549825,3,2019,puducherry
Merchant payments,156137,82601335.47825414,3,2019,puducherry
Financial Services,1090,528680.8975952889,3,2019,puducherry
Others,6250,4457097.111970215,3,2019,puducherry
Peer-to-peer payments,559670,1725523873.4421022,4,2019,puducherry
Merchant payments,249621,128039884.3866742,4,2019,puducherry
Recharge & bill payments,195707,74383571.67593375,4,2019,puducherry
Financial Services,1481,391196.1284481905,4,2019,puducherry
Others,6176,3689792.245744483,4,2019,puducherry
Peer-to-peer payments,600290,1919499665.883474,1,2020,puducherry
Merchant payments,349788,184925417.68654612,1,2020,puducherry
Recharge & bill payments,251115,96515615.43520354,1,2020,puducherry
Financial Services,1527,858236.5498234634,1,2020,puducherry
Others,5201,3478541.524535387,1,2020,puducherry
Peer-to-peer payments,468789,1680190117.583074,2,2020,puducherry
Recharge & bill payments,310746,115223074.03158061,2,2020,puducherry
Merchant payments,249951,160931601.2816711,2,2020,puducherry
Financial Services,1555,2339469.003658029,2,2020,puducherry
Others,2342,1346718.5876069884,2,2020,puducherry
Peer-to-peer payments,855511,3116583524.659765,3,2020,puducherry
Merchant payments,560420,335583369.65612596,3,2020,puducherry
Recharge & bill payments,306852,138925436.52727452,3,2020,puducherry
Financial Services,3039,4788490.3633705,3,2020,puducherry
Others,5080,2199408.2280669413,3,2020,puducherry
Peer-to-peer payments,1211359,4090057482.981204,4,2020,puducherry
Merchant payments,1108292,647985607.5763036,4,2020,puducherry
Recharge & bill payments,383707,184037245.74375978,4,2020,puducherry
Financial Services,3783,3888988.236763457,4,2020,puducherry
Others,8862,4556893.133174548,4,2020,puducherry
Peer-to-peer payments,1406958,4798646712.501944,1,2021,puducherry
Merchant payments,1385444,857787315.6292762,1,2021,puducherry
Recharge & bill payments,504499,231829246.92353854,1,2021,puducherry
Financial Services,5073,5953397.434996936,1,2021,puducherry
Others,7458,5092899.253895952,1,2021,puducherry
Peer-to-peer payments,1581221,5266478797.142262,2,2021,puducherry
Merchant payments,1437110,932602617.3169693,2,2021,puducherry
Recharge & bill payments,719252,289799593.1571478,2,2021,puducherry
Financial Services,4851,4980243.907969391,2,2021,puducherry
Others,8953,4973445.019544071,2,2021,puducherry
Merchant payments,2273996,1443176801.0606492,3,2021,puducherry
Peer-to-peer payments,2089199,6918396493.778431,3,2021,puducherry
Recharge & bill payments,741388,356068931.7441095,3,2021,puducherry
Financial Services,4733,5523949.081350253,3,2021,puducherry
Others,12410,6808255.349929206,3,2021,puducherry
Merchant payments,3052713,1864951565.928207,4,2021,puducherry
Peer-to-peer payments,2530821,8113722339.447033,4,2021,puducherry
Recharge & bill payments,762641,428453211.3120815,4,2021,puducherry
Financial Services,5995,7655925.10855468,4,2021,puducherry
Others,16640,8868759.43463589,4,2021,puducherry
Merchant payments,3723135,2199614586.4039083,1,2022,puducherry
Peer-to-peer payments,2901199,9407577501.769794,1,2022,puducherry
Recharge & bill payments,715338,460522863.7855054,1,2022,puducherry
Financial Services,6203,8184455.912082582,1,2022,puducherry
Others,13301,7575497.515363299,1,2022,puducherry
Merchant payments,4613049,2693234774.557475,2,2022,puducherry
Peer-to-peer payments,3242208,10537267921.616041,2,2022,puducherry
Recharge & bill payments,773154,535604974.5762176,2,2022,puducherry
Financial Services,4914,6556452.522381971,2,2022,puducherry
Others,10362,6081132.496780836,2,2022,puducherry
Merchant payments,3992974,2322908508.783519,3,2022,puducherry
Peer-to-peer payments,2474932,8058325855.623237,3,2022,puducherry
Recharge & bill payments,564285,463054690.5826355,3,2022,puducherry
Financial Services,4621,5514275.578545391,3,2022,puducherry
Others,5915,4514380.573011656,3,2022,puducherry
Merchant payments,4464977,2534351530.8368387,4,2022,puducherry
Peer-to-peer payments,2547018,8141612224.03406,4,2022,puducherry
Recharge & bill payments,531963,453692483.7752487,4,2022,puducherry
Financial Services,6073,7875178.045195433,4,2022,puducherry
Others,6096,4673460.483150147,4,2022,puducherry
Recharge & bill payments,946338,196018621.3585148,1,2018,punjab
Peer-to-peer payments,690684,2412434633.541393,1,2018,punjab
Merchant payments,87477,83873893.96204324,1,2018,punjab
Financial Services,60688,11162488.4232364,1,2018,punjab
Others,85246,77268587.56920797,1,2018,punjab
Recharge & bill payments,1262450,395417027.849745,2,2018,punjab
Peer-to-peer payments,1017159,4036457553.7177467,2,2018,punjab
Merchant payments,147667,159406610.2632674,2,2018,punjab
Financial Services,82256,17719391.41125809,2,2018,punjab
Others,71631,75671628.7650177,2,2018,punjab
Peer-to-peer payments,1684209,6173898400.559117,3,2018,punjab
Recharge & bill payments,1381730,622737633.7524918,3,2018,punjab
Merchant payments,274458,194883994.5757108,3,2018,punjab
Financial Services,54285,9429174.53468925,3,2018,punjab
Others,67426,64737840.399184644,3,2018,punjab
Peer-to-peer payments,2269375,9404088424.489891,4,2018,punjab
Recharge & bill payments,1817964,825449591.2410309,4,2018,punjab
Merchant payments,648096,455091549.5918779,4,2018,punjab
Financial Services,62453,11832962.87548231,4,2018,punjab
Others,89249,85520045.45150709,4,2018,punjab
Peer-to-peer payments,4026294,12027441595.71279,1,2019,punjab
Recharge & bill payments,2304690,986004867.8072443,1,2019,punjab
Merchant payments,711152,478382600.61751896,1,2019,punjab
Financial Services,45621,6871295.954710579,1,2019,punjab
Others,84380,75789641.76089522,1,2019,punjab
Peer-to-peer payments,4140474,16258891447.3214,2,2019,punjab
Recharge & bill payments,2815047,1440058991.4565232,2,2019,punjab
Merchant payments,1407963,815090878.0150015,2,2019,punjab
Financial Services,37435,6876144.454559349,2,2019,punjab
Others,108911,93875933.52482703,2,2019,punjab
Peer-to-peer payments,4726946,19146726286.636032,3,2019,punjab
Recharge & bill payments,3455594,2481094964.917083,3,2019,punjab
Merchant payments,2374014,1183743251.27342,3,2019,punjab
Financial Services,32359,7912219.734296376,3,2019,punjab
Others,117899,86338883.28250343,3,2019,punjab
Peer-to-peer payments,6386367,25564144629.75061,4,2019,punjab
Recharge & bill payments,4068332,2622222199.1884556,4,2019,punjab
Merchant payments,3122413,1741259163.367732,4,2019,punjab
Financial Services,22956,6382345.429778575,4,2019,punjab
Others,98557,55793908.455870144,4,2019,punjab
Peer-to-peer payments,6339183,26350005915.230072,1,2020,punjab
Recharge & bill payments,4935115,2767419472.650516,1,2020,punjab
Merchant payments,3838480,2196329615.39492,1,2020,punjab
Financial Services,17924,10987850.95599617,1,2020,punjab
Others,87082,49442411.66816185,1,2020,punjab
Recharge & bill payments,6064807,3089758241.128196,2,2020,punjab
Peer-to-peer payments,5639212,25074384847.498463,2,2020,punjab
Merchant payments,2290868,2058898904.36134,2,2020,punjab
Financial Services,23314,23704957.876037344,2,2020,punjab
Others,63093,37907301.34960769,2,2020,punjab
Peer-to-peer payments,7354451,32477438924.47649,3,2020,punjab
Recharge & bill payments,5478668,4066750820.640774,3,2020,punjab
Merchant payments,4261548,3490665357.2910867,3,2020,punjab
Financial Services,32390,42060249.32847581,3,2020,punjab
Others,82516,46176796.07655343,3,2020,punjab
Peer-to-peer payments,9609405,43286909256.833916,4,2020,punjab
Merchant payments,7144295,6142380827.109474,4,2020,punjab
Recharge & bill payments,6072201,4201551869.9511175,4,2020,punjab
Financial Services,38820,51677182.31632738,4,2020,punjab
Others,133204,92887343.34418695,4,2020,punjab
Peer-to-peer payments,10951083,46908632143.31532,1,2021,punjab
Merchant payments,9333364,7651004598.907397,1,2021,punjab
Recharge & bill payments,6332928,3980874403.276021,1,2021,punjab
Financial Services,43094,52009482.41407213,1,2021,punjab
Others,110366,98366463.19387977,1,2021,punjab
Peer-to-peer payments,13180933,55282486111.30394,2,2021,punjab
Merchant payments,11225598,9710508482.436422,2,2021,punjab
Recharge & bill payments,7591039,4370756868.518326,2,2021,punjab
Financial Services,46218,53309051.06501615,2,2021,punjab
Others,127460,113998049.291479,2,2021,punjab
Peer-to-peer payments,17024782,66149902036.35882,3,2021,punjab
Merchant payments,16837685,14103740968.54357,3,2021,punjab
Recharge & bill payments,8465739,5540272095.274853,3,2021,punjab
Financial Services,43789,63576666.59092563,3,2021,punjab
Others,161494,135069073.84402022,3,2021,punjab
Merchant payments,22669743,20753662875.54652,4,2021,punjab
Peer-to-peer payments,20663881,83611403637.31993,4,2021,punjab
Recharge & bill payments,8765579,6107473171.935022,4,2021,punjab
Financial Services,58581,86356456.60324253,4,2021,punjab
Others,201576,151230100.5948589,4,2021,punjab
Merchant payments,25979197,23217511696.82307,1,2022,punjab
Peer-to-peer payments,22354946,88645204328.52362,1,2022,punjab
Recharge & bill payments,9188439,6317909908.645241,1,2022,punjab
Financial Services,57561,83933665.00820544,1,2022,punjab
Others,178159,125418506.96271199,1,2022,punjab
Merchant payments,35941880,28585688543.687042,2,2022,punjab
Peer-to-peer payments,25952349,100938068541.26059,2,2022,punjab
Recharge & bill payments,10161030,7652499714.013335,2,2022,punjab
Financial Services,50483,57234782.46271806,2,2022,punjab
Others,167081,111934787.80332899,2,2022,punjab
Merchant payments,43089589,32370885165.312702,3,2022,punjab
Peer-to-peer payments,29862592,107653378074.8723,3,2022,punjab
Recharge & bill payments,11017816,9119649328.792372,3,2022,punjab
Financial Services,57979,68249938.53956848,3,2022,punjab
Others,149921,107280498.83777891,3,2022,punjab
Merchant payments,48358802,38162493193.40967,4,2022,punjab
Peer-to-peer payments,32377106,120512767954.9937,4,2022,punjab
Recharge & bill payments,10895208,9248445985.684328,4,2022,punjab
Financial Services,62809,72160390.22791913,4,2022,punjab
Others,141255,111559653.6233382,4,2022,punjab
Recharge & bill payments,4305940,868358581.1737025,1,2018,rajasthan
Peer-to-peer payments,2540658,7547652852.662634,1,2018,rajasthan
Financial Services,202537,37125466.49571308,1,2018,rajasthan
Merchant payments,184127,201212697.26059392,1,2018,rajasthan
Others,358428,271943533.1341365,1,2018,rajasthan
Recharge & bill payments,5288093,1511007056.1054273,2,2018,rajasthan
Peer-to-peer payments,3770555,13341587602.42217,2,2018,rajasthan
Merchant payments,345752,342809667.5935513,2,2018,rajasthan
Financial Services,279471,52145152.939022884,2,2018,rajasthan
Others,289826,311536696.6979239,2,2018,rajasthan
Peer-to-peer payments,7120792,21010614922.14291,3,2018,rajasthan
Recharge & bill payments,5894660,2252031409.9399676,3,2018,rajasthan
Merchant payments,711240,445504998.00142676,3,2018,rajasthan
Financial Services,230083,30185982.18078412,3,2018,rajasthan
Others,300323,302431358.9473551,3,2018,rajasthan
Peer-to-peer payments,10752729,33578327037.682453,4,2018,rajasthan
Recharge & bill payments,7557003,2743591538.832071,4,2018,rajasthan
Merchant payments,1985927,1172254323.973145,4,2018,rajasthan
Financial Services,311632,40412563.01456267,4,2018,rajasthan
Others,352432,374501619.8364362,4,2018,rajasthan
Peer-to-peer payments,27621606,55246071722.22856,1,2019,rajasthan
Recharge & bill payments,11650961,3821181816.620469,1,2019,rajasthan
Merchant payments,3921438,1664209334.568116,1,2019,rajasthan
Financial Services,359993,36340412.57538466,1,2019,rajasthan
Others,402042,373355289.5614773,1,2019,rajasthan
Peer-to-peer payments,25257679,79466464089.34059,2,2019,rajasthan
Recharge & bill payments,14968290,5709279550.854211,2,2019,rajasthan
Merchant payments,9026751,3435472167.201069,2,2019,rajasthan
Financial Services,182685,34134486.762421735,2,2019,rajasthan
Others,573881,461962878.5071422,2,2019,rajasthan
Peer-to-peer payments,29885618,97443950786.5758,3,2019,rajasthan
Merchant payments,19646612,6705923742.563935,3,2019,rajasthan
Recharge & bill payments,16970783,7872719571.602099,3,2019,rajasthan
Financial Services,217029,37899900.33366185,3,2019,rajasthan
Others,583575,407796030.8547787,3,2019,rajasthan
Peer-to-peer payments,43354317,140449134717.29102,4,2019,rajasthan
Recharge & bill payments,20604852,9028860435.054995,4,2019,rajasthan
Merchant payments,20544791,9721826538.354998,4,2019,rajasthan
Financial Services,101805,25014672.384446934,4,2019,rajasthan
Others,468477,227573686.58499062,4,2019,rajasthan
Peer-to-peer payments,48269912,165468574323.8896,1,2020,rajasthan
Merchant payments,27880848,13643061482.35596,1,2020,rajasthan
Recharge & bill payments,25631131,10961167179.813341,1,2020,rajasthan
Financial Services,72604,34466606.25327997,1,2020,rajasthan
Others,404317,200968968.69581178,1,2020,rajasthan
Peer-to-peer payments,49160792,166176386876.3004,2,2020,rajasthan
Recharge & bill payments,31681776,13014051935.53691,2,2020,rajasthan
Merchant payments,20756594,14354151782.392641,2,2020,rajasthan
Financial Services,92875,76662259.20544848,2,2020,rajasthan
Others,262619,142020149.829893,2,2020,rajasthan
Peer-to-peer payments,73247856,249006720239.33432,3,2020,rajasthan
Merchant payments,45149210,27714680562.343933,3,2020,rajasthan
Recharge & bill payments,30148875,16650017440.553331,3,2020,rajasthan
Financial Services,146383,113675141.51464571,3,2020,rajasthan
Others,396352,193212778.71178642,3,2020,rajasthan
Peer-to-peer payments,88730951,321280847680.9502,4,2020,rajasthan
Merchant payments,67367264,46142484518.08269,4,2020,rajasthan
Recharge & bill payments,33455755,18123908525.970142,4,2020,rajasthan
Financial Services,169294,136058685.852993,4,2020,rajasthan
Others,560171,351480425.6482615,4,2020,rajasthan
Peer-to-peer payments,116733195,408190388154.2274,1,2021,rajasthan
Merchant payments,96394132,61936457709.223076,1,2021,rajasthan
Recharge & bill payments,38919519,20855464604.34405,1,2021,rajasthan
Financial Services,192936,162581466.9330898,1,2021,rajasthan
Others,491137,347689722.9177618,1,2021,rajasthan
Peer-to-peer payments,139277445,467784146764.7472,2,2021,rajasthan
Merchant payments,97860493,69922875807.46701,2,2021,rajasthan
Recharge & bill payments,49501703,23387103755.81971,2,2021,rajasthan
Financial Services,216441,186606893.61035588,2,2021,rajasthan
Others,620957,422031947.60023904,2,2021,rajasthan
Peer-to-peer payments,181742972,575912799217.8965,3,2021,rajasthan
Merchant payments,167819345,105548321875.0588,3,2021,rajasthan
Recharge & bill payments,49709657,28335516739.417713,3,2021,rajasthan
Financial Services,197211,190362135.86135092,3,2021,rajasthan
Others,815568,524328574.25040925,3,2021,rajasthan
Merchant payments,221774624,151967969235.0213,4,2021,rajasthan
Peer-to-peer payments,212937264,718215327365.9165,4,2021,rajasthan
Recharge & bill payments,51610607,32831163302.92643,4,2021,rajasthan
Financial Services,265091,263180819.6932125,4,2021,rajasthan
Others,1034011,656777820.7586894,4,2021,rajasthan
Merchant payments,267467038,171182113048.2631,1,2022,rajasthan
Peer-to-peer payments,241739380,814525435614.1677,1,2022,rajasthan
Recharge & bill payments,54555117,35542881861.07577,1,2022,rajasthan
Financial Services,244029,243340851.7120462,1,2022,rajasthan
Others,956656,556409604.9103613,1,2022,rajasthan
Merchant payments,336900860,208238945148.44,2,2022,rajasthan
Peer-to-peer payments,263380560,905641041298.7231,2,2022,rajasthan
Recharge & bill payments,59879660,38325678033.564705,2,2022,rajasthan
Financial Services,170705,175399371.377488,2,2022,rajasthan
Others,838365,452454748.28668594,2,2022,rajasthan
Merchant payments,398104319,230609701751.02283,3,2022,rajasthan
Peer-to-peer payments,299383118,961209376585.562,3,2022,rajasthan
Recharge & bill payments,69118763,46000391408.24405,3,2022,rajasthan
Financial Services,215235,220271929.8423399,3,2022,rajasthan
Others,719925,449514643.60550064,3,2022,rajasthan
Merchant payments,457778005,275194969877.524,4,2022,rajasthan
Peer-to-peer payments,334316758,1130380720682.52,4,2022,rajasthan
Recharge & bill payments,72510470,50609988781.94313,4,2022,rajasthan
Financial Services,244442,270658680.979249,4,2022,rajasthan
Others,725173,500361375.69058275,4,2022,rajasthan
Recharge & bill payments,26965,4823943.542263939,1,2018,sikkim
Peer-to-peer payments,13559,56334584.632872,1,2018,sikkim
Merchant payments,1349,1677583.1440411464,1,2018,sikkim
Financial Services,608,86906.81958101383,1,2018,sikkim
Others,1597,1727920.8016103164,1,2018,sikkim
Recharge & bill payments,45435,9465769.856051585,2,2018,sikkim
Peer-to-peer payments,24237,127051984.38798411,2,2018,sikkim
Merchant payments,2556,4713227.148135973,2,2018,sikkim
Financial Services,562,218130.12995975127,2,2018,sikkim
Others,1788,2243974.0076642134,2,2018,sikkim
Recharge & bill payments,58421,12221506.18938216,3,2018,sikkim
Peer-to-peer payments,43195,215547415.4557628,3,2018,sikkim
Merchant payments,4521,5322296.747954514,3,2018,sikkim
Financial Services,562,261766.8021705601,3,2018,sikkim
Others,1801,1727241.758047811,3,2018,sikkim
Recharge & bill payments,79232,16713780.62811737,4,2018,sikkim
Peer-to-peer payments,65451,351253329.7420565,4,2018,sikkim
Merchant payments,7452,12637809.23946042,4,2018,sikkim
Financial Services,717,596472.7145790398,4,2018,sikkim
Others,1681,1939965.7540404093,4,2018,sikkim
Peer-to-peer payments,121984,422987999.89472663,1,2019,sikkim
Recharge & bill payments,96878,20711589.874598,1,2019,sikkim
Merchant payments,18346,11837344.84684756,1,2019,sikkim
Financial Services,1225,191594.23340424805,1,2019,sikkim
Others,1854,2265105.53451732,1,2019,sikkim
Peer-to-peer payments,172125,674044301.8399961,2,2019,sikkim
Recharge & bill payments,142582,32535297.489453893,2,2019,sikkim
Merchant payments,66722,28248001.02647286,2,2019,sikkim
Financial Services,2294,310197.54774877685,2,2019,sikkim
Others,4521,3756445.53226958,2,2019,sikkim
Peer-to-peer payments,203052,794235862.6317358,3,2019,sikkim
Merchant payments,188753,52337322.5262961,3,2019,sikkim
Recharge & bill payments,156125,33922224.892257094,3,2019,sikkim
Financial Services,288,548142.8999844441,3,2019,sikkim
Others,4218,3672895.4901549704,3,2019,sikkim
Peer-to-peer payments,508471,1086457147.940953,4,2019,sikkim
Recharge & bill payments,181287,42705664.086257376,4,2019,sikkim
Merchant payments,73992,43954548.804204434,4,2019,sikkim
Financial Services,373,494076.3450829056,4,2019,sikkim
Others,2947,2898164.4797200123,4,2019,sikkim
Peer-to-peer payments,230413,954765350.1856782,1,2020,sikkim
Recharge & bill payments,215586,53588505.83882397,1,2020,sikkim
Merchant payments,79881,43201695.38937264,1,2020,sikkim
Financial Services,345,175569.53933206247,1,2020,sikkim
Others,1893,1745150.991195219,1,2020,sikkim
Recharge & bill payments,297620,78397187.10935993,2,2020,sikkim
Peer-to-peer payments,186495,939900165.9422412,2,2020,sikkim
Merchant payments,31442,34385184.657177515,2,2020,sikkim
Financial Services,883,999656.0722047673,2,2020,sikkim
Others,1291,936594.480283038,2,2020,sikkim
Recharge & bill payments,298885,83894642.6709112,3,2020,sikkim
Peer-to-peer payments,245087,1255521152.966514,3,2020,sikkim
Merchant payments,49299,58337178.6722376,3,2020,sikkim
Financial Services,1252,1795366.733436462,3,2020,sikkim
Others,1912,1378387.6172995246,3,2020,sikkim
Peer-to-peer payments,334069,1711730126.584541,4,2020,sikkim
Recharge & bill payments,301382,90168624.05415541,4,2020,sikkim
Merchant payments,95503,112478003.8639115,4,2020,sikkim
Financial Services,1427,2361187.592392395,4,2020,sikkim
Others,2654,2537863.027923054,4,2020,sikkim
Peer-to-peer payments,403703,1965492629.578867,1,2021,sikkim
Recharge & bill payments,279679,93174110.112334,1,2021,sikkim
Merchant payments,112925,154183320.13728723,1,2021,sikkim
Financial Services,1844,3027799.2784099854,1,2021,sikkim
Others,2038,1789867.7338266163,1,2021,sikkim
Peer-to-peer payments,473141,2125758496.6160913,2,2021,sikkim
Recharge & bill payments,345495,103846501.524041,2,2021,sikkim
Merchant payments,153671,190473176.2184894,2,2021,sikkim
Financial Services,1865,2851874.287465013,2,2021,sikkim
Others,2542,1969531.0292125773,2,2021,sikkim
Peer-to-peer payments,595826,2582075089.383399,3,2021,sikkim
Recharge & bill payments,346173,111613776.75942019,3,2021,sikkim
Merchant payments,213808,290732930.46291,3,2021,sikkim
Financial Services,1689,2624558.3857180667,3,2021,sikkim
Others,3098,2290508.8169457563,3,2021,sikkim
Peer-to-peer payments,831597,3548508409.656125,4,2021,sikkim
Recharge & bill payments,376078,136473754.40071422,4,2021,sikkim
Merchant payments,369343,504586163.55697846,4,2021,sikkim
Financial Services,2269,3162023.7210206646,4,2021,sikkim
Others,5058,4052910.300969372,4,2021,sikkim
Peer-to-peer payments,916940,3650961081.00263,1,2022,sikkim
Merchant payments,449273,570784579.6670712,1,2022,sikkim
Recharge & bill payments,371579,139135962.1036925,1,2022,sikkim
Financial Services,2124,3062332.163804472,1,2022,sikkim
Others,4386,3487320.9262269526,1,2022,sikkim
Peer-to-peer payments,1198014,4596501308.1959305,2,2022,sikkim
Merchant payments,706658,847497607.089355,2,2022,sikkim
Recharge & bill payments,411189,162174479.69733828,2,2022,sikkim
Financial Services,1758,1861284.7969863976,2,2022,sikkim
Others,4462,3070990.527526753,2,2022,sikkim
Peer-to-peer payments,1222037,4173703593.656705,3,2022,sikkim
Merchant payments,772650,830361400.9603965,3,2022,sikkim
Recharge & bill payments,397207,153567926.3217131,3,2022,sikkim
Financial Services,1538,2851319.5479129553,3,2022,sikkim
Others,3326,2396303.4047308513,3,2022,sikkim
Peer-to-peer payments,1548662,5175155338.821596,4,2022,sikkim
Merchant payments,1033541,1096220774.2554631,4,2022,sikkim
Recharge & bill payments,470639,181281682.3220814,4,2022,sikkim
Financial Services,2049,2701971.788609252,4,2022,sikkim
Others,3448,3025622.2320622765,4,2022,sikkim
Recharge & bill payments,3308548,646028338.3951533,1,2018,tamil-nadu
Peer-to-peer payments,2670613,10031518934.08568,1,2018,tamil-nadu
Merchant payments,326510,272002057.1736871,1,2018,tamil-nadu
Financial Services,115363,31876073.74792233,1,2018,tamil-nadu
Others,305588,280132294.11422664,1,2018,tamil-nadu
Recharge & bill payments,4464677,1189892955.805177,2,2018,tamil-nadu
Peer-to-peer payments,4433762,18067624388.09562,2,2018,tamil-nadu
Merchant payments,627918,517130320.46603084,2,2018,tamil-nadu
Financial Services,167035,65402385.25640666,2,2018,tamil-nadu
Others,298736,285794226.64323723,2,2018,tamil-nadu
Peer-to-peer payments,8810836,26792462660.044956,3,2018,tamil-nadu
Recharge & bill payments,5148411,1521551955.205038,3,2018,tamil-nadu
Merchant payments,1290978,733189649.5729835,3,2018,tamil-nadu
Financial Services,191732,37049222.36590697,3,2018,tamil-nadu
Others,332121,245838753.995272,3,2018,tamil-nadu
Peer-to-peer payments,11538547,39180083690.57276,4,2018,tamil-nadu
Recharge & bill payments,7093764,2020329567.824538,4,2018,tamil-nadu
Merchant payments,3145621,1742903221.432857,4,2018,tamil-nadu
Financial Services,228398,46571758.68242933,4,2018,tamil-nadu
Others,451114,312185737.3815207,4,2018,tamil-nadu
Peer-to-peer payments,18645926,51296299081.44436,1,2019,tamil-nadu
Recharge & bill payments,8863289,2695317014.866,1,2019,tamil-nadu
Merchant payments,4195222,1924461188.990014,1,2019,tamil-nadu
Financial Services,193261,31217137.54532297,1,2019,tamil-nadu
Others,377347,256742393.2842679,1,2019,tamil-nadu
Peer-to-peer payments,16952961,57924128549.06982,2,2019,tamil-nadu
Recharge & bill payments,8414514,3280033639.85004,2,2019,tamil-nadu
Merchant payments,6296995,2690331792.5060782,2,2019,tamil-nadu
Financial Services,70142,18334602.38963153,2,2019,tamil-nadu
Others,437125,294847441.94211423,2,2019,tamil-nadu
Peer-to-peer payments,21277636,70615331408.53966,3,2019,tamil-nadu
Merchant payments,10344027,4079315732.6616826,3,2019,tamil-nadu
Recharge & bill payments,9246678,3964144354.416151,3,2019,tamil-nadu
Financial Services,88261,27213741.83107733,3,2019,tamil-nadu
Others,453581,273599406.1898495,3,2019,tamil-nadu
Peer-to-peer payments,28814008,91858026341.27563,4,2019,tamil-nadu
Merchant payments,16153034,6420193204.780616,4,2019,tamil-nadu
Recharge & bill payments,11157765,4681454397.562926,4,2019,tamil-nadu
Financial Services,60624,24332240.65556671,4,2019,tamil-nadu
Others,410980,206859328.26859048,4,2019,tamil-nadu
Peer-to-peer payments,30880360,101907683045.2843,1,2020,tamil-nadu
Merchant payments,21541556,8950736938.223478,1,2020,tamil-nadu
Recharge & bill payments,14134259,5493239429.7322235,1,2020,tamil-nadu
Financial Services,61427,41422107.81363036,1,2020,tamil-nadu
Others,335871,176604658.386683,1,2020,tamil-nadu
Peer-to-peer payments,21700844,82347647064.12332,2,2020,tamil-nadu
Recharge & bill payments,18474731,6414781159.484189,2,2020,tamil-nadu
Merchant payments,11477546,6909361871.628205,2,2020,tamil-nadu
Financial Services,78584,89189349.84916353,2,2020,tamil-nadu
Others,138405,65529451.74366937,2,2020,tamil-nadu
Peer-to-peer payments,31754077,123561080533.0467,3,2020,tamil-nadu
Merchant payments,20664887,12554589575.50485,3,2020,tamil-nadu
Recharge & bill payments,17521756,7476952307.406668,3,2020,tamil-nadu
Financial Services,129671,158512062.545901,3,2020,tamil-nadu
Others,207434,90281020.15995154,3,2020,tamil-nadu
Peer-to-peer payments,47800741,172196381789.49103,4,2020,tamil-nadu
Merchant payments,41297305,24417758781.65223,4,2020,tamil-nadu
Recharge & bill payments,21563946,9462546013.163391,4,2020,tamil-nadu
Financial Services,153044,186775413.14290392,4,2020,tamil-nadu
Others,364665,209735503.5452142,4,2020,tamil-nadu
Peer-to-peer payments,57446279,206405230307.9611,1,2021,tamil-nadu
Merchant payments,53811885,30722779534.582497,1,2021,tamil-nadu
Recharge & bill payments,24826273,11115915388.739542,1,2021,tamil-nadu
Financial Services,170620,215319360.4840321,1,2021,tamil-nadu
Others,301617,208899281.8834731,1,2021,tamil-nadu
Peer-to-peer payments,60812902,216379027686.30243,2,2021,tamil-nadu
Merchant payments,52048347,33504798112.883823,2,2021,tamil-nadu
Recharge & bill payments,32753032,13155346942.25547,2,2021,tamil-nadu
Financial Services,192614,225113402.6634022,2,2021,tamil-nadu
Others,351547,223054882.4467526,2,2021,tamil-nadu
Merchant payments,85074941,52932187058.57519,3,2021,tamil-nadu
Peer-to-peer payments,83833356,296121079294.8346,3,2021,tamil-nadu
Recharge & bill payments,34751691,15613287081.611631,3,2021,tamil-nadu
Financial Services,182097,246146707.2790811,3,2021,tamil-nadu
Others,515319,294622911.6328684,3,2021,tamil-nadu
Merchant payments,117578360,70539086832.13815,4,2021,tamil-nadu
Peer-to-peer payments,104493071,353529424598.2304,4,2021,tamil-nadu
Recharge & bill payments,36163870,18979178477.53405,4,2021,tamil-nadu
Financial Services,228761,275850497.094934,4,2021,tamil-nadu
Others,691914,400412189.8049112,4,2021,tamil-nadu
Merchant payments,139788772,81798208975.87326,1,2022,tamil-nadu
Peer-to-peer payments,119383791,409631710258.4541,1,2022,tamil-nadu
Recharge & bill payments,34579431,20705079141.096962,1,2022,tamil-nadu
Financial Services,241201,298216135.37755203,1,2022,tamil-nadu
Others,579955,355987089.83064437,1,2022,tamil-nadu
Merchant payments,179245529,100813133534.0309,2,2022,tamil-nadu
Peer-to-peer payments,136341691,464333108374.57104,2,2022,tamil-nadu
Recharge & bill payments,38257271,24477663683.79348,2,2022,tamil-nadu
Financial Services,202498,233054908.9697893,2,2022,tamil-nadu
Others,459948,277767177.03123105,2,2022,tamil-nadu
Merchant payments,202149276,109801011246.1606,3,2022,tamil-nadu
Peer-to-peer payments,148805657,493880482824.98395,3,2022,tamil-nadu
Recharge & bill payments,41919063,27694221703.16715,3,2022,tamil-nadu
Financial Services,217741,238069828.1652185,3,2022,tamil-nadu
Others,404438,265434770.7913805,3,2022,tamil-nadu
Merchant payments,229308285,118847998736.56459,4,2022,tamil-nadu
Peer-to-peer payments,162920305,526511418812.77344,4,2022,tamil-nadu
Recharge & bill payments,43391904,29719449171.38699,4,2022,tamil-nadu
Financial Services,295740,334812023.56560165,4,2022,tamil-nadu
Others,400402,275988847.1474179,4,2022,tamil-nadu
Recharge & bill payments,4209319,831912767.5937189,1,2018,telangana
Peer-to-peer payments,3307245,11748268950.760422,1,2018,telangana
Merchant payments,351474,282899066.6137372,1,2018,telangana
Financial Services,262876,57011875.36233704,1,2018,telangana
Others,391852,388111458.2121352,1,2018,telangana
Peer-to-peer payments,4784079,20748520742.57553,2,2018,telangana
Recharge & bill payments,4686542,1274130053.834579,2,2018,telangana
Merchant payments,701082,551696487.3185427,2,2018,telangana
Financial Services,277805,85498213.25384143,2,2018,telangana
Others,315162,357356020.669816,2,2018,telangana
Peer-to-peer payments,11560952,29253505738.82874,3,2018,telangana
Recharge & bill payments,5328881,1568136060.627837,3,2018,telangana
Merchant payments,1770075,855534175.4794186,3,2018,telangana
Financial Services,307312,52554123.97376218,3,2018,telangana
Others,365483,300363110.8137954,3,2018,telangana
Peer-to-peer payments,15571288,44541667501.74112,4,2018,telangana
Recharge & bill payments,7121135,2165870863.1686497,4,2018,telangana
Merchant payments,5315161,2356841304.964929,4,2018,telangana
Financial Services,392423,64569231.235592484,4,2018,telangana
Others,521147,380139546.93821603,4,2018,telangana
Peer-to-peer payments,40488967,87361237975.49301,1,2019,telangana
Merchant payments,12341901,4144368545.5359693,1,2019,telangana
Recharge & bill payments,11525394,3619117615.4851723,1,2019,telangana
Financial Services,463688,54547989.27545392,1,2019,telangana
Others,470752,343989909.8750894,1,2019,telangana
Peer-to-peer payments,46741594,141095702899.1614,2,2019,telangana
Merchant payments,25682382,8442740781.469844,2,2019,telangana
Recharge & bill payments,16225017,5603477828.5489645,2,2019,telangana
Financial Services,252173,43627344.86329398,2,2019,telangana
Others,709213,490894328.3915366,2,2019,telangana
Peer-to-peer payments,59981113,180342868388.36203,3,2019,telangana
Merchant payments,44035953,14308557740.55424,3,2019,telangana
Recharge & bill payments,16437222,6793699069.387363,3,2019,telangana
Financial Services,183163,39617186.74048498,3,2019,telangana
Others,857925,445278745.3818412,3,2019,telangana
Peer-to-peer payments,82587060,249346680995.99307,4,2019,telangana
Merchant payments,59347809,21510626607.08445,4,2019,telangana
Recharge & bill payments,20797056,9561315124.602655,4,2019,telangana
Financial Services,137291,33453857.40459593,4,2019,telangana
Others,703042,294688962.659046,4,2019,telangana
Peer-to-peer payments,95668911,327641798044.8055,1,2020,telangana
Merchant payments,76818285,31076431477.91269,1,2020,telangana
Recharge & bill payments,26324268,12324266104.56499,1,2020,telangana
Financial Services,88184,59500639.38684589,1,2020,telangana
Others,509877,241784101.5460485,1,2020,telangana
Peer-to-peer payments,76683293,279478553909.7438,2,2020,telangana
Merchant payments,44181999,26712043204.891262,2,2020,telangana
Recharge & bill payments,30885875,15106945863.85704,2,2020,telangana
Financial Services,116776,134169906.7475049,2,2020,telangana
Others,187200,100126467.191328,2,2020,telangana
Peer-to-peer payments,116668399,437459188905.0534,3,2020,telangana
Merchant payments,86836471,49743225885.179474,3,2020,telangana
Recharge & bill payments,32352860,18378477087.57689,3,2020,telangana
Financial Services,195857,223377023.5052515,3,2020,telangana
Others,318539,156875854.5548792,3,2020,telangana
Peer-to-peer payments,160607487,591976601278.5154,4,2020,telangana
Merchant payments,143897953,81725950703.21272,4,2020,telangana
Recharge & bill payments,38174710,22006183348.80398,4,2020,telangana
Financial Services,230134,275357720.01805824,4,2020,telangana
Others,733503,366346176.4068247,4,2020,telangana
Merchant payments,185230619,95927278280.53006,1,2021,telangana
Peer-to-peer payments,179738195,676276353116.8419,1,2021,telangana
Recharge & bill payments,46371555,26447601338.53346,1,2021,telangana
Financial Services,262473,320153410.17969453,1,2021,telangana
Others,969268,387877900.5044867,1,2021,telangana
Peer-to-peer payments,230861833,872151973637.885,2,2021,telangana
Merchant payments,205232899,123207789311.29622,2,2021,telangana
Recharge & bill payments,58637866,31877277168.34322,2,2021,telangana
Financial Services,278546,300569264.1443888,2,2021,telangana
Others,856400,420723415.91505665,2,2021,telangana
Merchant payments,286735350,159227310549.39362,3,2021,telangana
Peer-to-peer payments,271436926,981754679241.0405,3,2021,telangana
Recharge & bill payments,62744121,36434881136.01624,3,2021,telangana
Financial Services,235519,329138539.4612142,3,2021,telangana
Others,1734852,543116826.3422191,3,2021,telangana
Merchant payments,376584215,212974766412.0155,4,2021,telangana
Peer-to-peer payments,331774591,1204991223519.016,4,2021,telangana
Recharge & bill payments,66477036,44760398983.30789,4,2021,telangana
Financial Services,298871,392141743.6705663,4,2021,telangana
Others,855060,639658842.8998816,4,2021,telangana
Merchant payments,449186799,243841863780.67932,1,2022,telangana
Peer-to-peer payments,368048408,1375289566667.705,1,2022,telangana
Recharge & bill payments,66352138,50470450179.882545,1,2022,telangana
Financial Services,284035,394283511.9410973,1,2022,telangana
Others,2582005,642005688.7661512,1,2022,telangana
Merchant payments,565370506,307468406704.909,2,2022,telangana
Peer-to-peer payments,422056582,1580014085694.835,2,2022,telangana
Recharge & bill payments,75099130,63136761649.393105,2,2022,telangana
Financial Services,245023,324857780.5553103,2,2022,telangana
Others,611316,470432687.3850265,2,2022,telangana
Merchant payments,880414292,447150646953.73694,3,2022,telangana
Peer-to-peer payments,626830752,2170173323588.5298,3,2022,telangana
Recharge & bill payments,119779835,87937210666.27194,3,2022,telangana
Financial Services,340458,442783619.091239,3,2022,telangana
Others,800064,621900924.4423015,3,2022,telangana
Merchant payments,1002521735,491556008133.5354,4,2022,telangana
Peer-to-peer payments,694612831,2393380395296.851,4,2022,telangana
Recharge & bill payments,121188131,92136759501.42021,4,2022,telangana
Financial Services,401838,498719426.00543725,4,2022,telangana
Others,782297,680680558.3343163,4,2022,telangana
Recharge & bill payments,86819,14079439.56990594,1,2018,tripura
Peer-to-peer payments,44844,112229994.97675669,1,2018,tripura
Financial Services,4842,672247.5881710155,1,2018,tripura
Merchant payments,4833,6080959.882836086,1,2018,tripura
Others,6819,4916272.512952799,1,2018,tripura
Recharge & bill payments,118171,22554398.15273035,2,2018,tripura
Peer-to-peer payments,73821,197666881.87296882,2,2018,tripura
Merchant payments,9621,10570951.15156878,2,2018,tripura
Financial Services,6925,1264101.904810368,2,2018,tripura
Others,6021,4835385.634057636,2,2018,tripura
Peer-to-peer payments,186065,398867427.3246338,3,2018,tripura
Recharge & bill payments,156308,33484811.21282282,3,2018,tripura
Merchant payments,21476,16092396.41113394,3,2018,tripura
Financial Services,8106,1080000.0112896338,3,2018,tripura
Others,5748,4338753.080712541,3,2018,tripura
Recharge & bill payments,204720,38334816.66379926,4,2018,tripura
Peer-to-peer payments,179739,549068822.3729683,4,2018,tripura
Merchant payments,50888,31066467.63339032,4,2018,tripura
Financial Services,6441,1023126.8205747404,4,2018,tripura
Others,6271,5392365.973713988,4,2018,tripura
Peer-to-peer payments,296993,679165332.8123899,1,2019,tripura
Recharge & bill payments,227997,44429378.42277926,1,2019,tripura
Merchant payments,46642,28109966.31994779,1,2019,tripura
Financial Services,4189,461473.58856435167,1,2019,tripura
Others,5105,4728790.472138839,1,2019,tripura
Peer-to-peer payments,240776,751113516.2256755,2,2019,tripura
Recharge & bill payments,218649,48989430.60730426,2,2019,tripura
Merchant payments,64829,35275706.82877502,2,2019,tripura
Financial Services,1899,339184.3344705297,2,2019,tripura
Others,6405,6103644.851151889,2,2019,tripura
Recharge & bill payments,339539,81845425.35425141,3,2019,tripura
Peer-to-peer payments,270163,884623553.9011385,3,2019,tripura
Merchant payments,68399,44802063.64430427,3,2019,tripura
Financial Services,27970,582020.9903208594,3,2019,tripura
Others,5646,5524358.927209696,3,2019,tripura
Recharge & bill payments,373779,88001651.28693296,4,2019,tripura
Peer-to-peer payments,359076,1071507585.9983541,4,2019,tripura
Merchant payments,62458,51274033.720727704,4,2019,tripura
Financial Services,2239,377097.66713108413,4,2019,tripura
Others,4272,4239791.585043055,4,2019,tripura
Recharge & bill payments,449584,114355218.0351404,1,2020,tripura
Peer-to-peer payments,366218,1400694933.570157,1,2020,tripura
Merchant payments,102861,68590603.6377098,1,2020,tripura
Financial Services,1722,1066651.521721911,1,2020,tripura
Others,4117,4071399.6237732675,1,2020,tripura
Recharge & bill payments,600206,163220166.76643568,2,2020,tripura
Peer-to-peer payments,346863,1501452755.689023,2,2020,tripura
Merchant payments,97816,99795973.60794038,2,2020,tripura
Financial Services,2904,2247782.5219734698,2,2020,tripura
Others,4731,2459205.000588993,2,2020,tripura
Recharge & bill payments,627363,185201997.27960992,3,2020,tripura
Peer-to-peer payments,477769,1959371082.9173033,3,2020,tripura
Merchant payments,202106,190218136.28088412,3,2020,tripura
Financial Services,3828,3141391.5755430083,3,2020,tripura
Others,6819,3886908.1625436572,3,2020,tripura
Peer-to-peer payments,650386,2683789889.83192,4,2020,tripura
Recharge & bill payments,631611,192385823.4322018,4,2020,tripura
Merchant payments,357567,296872485.4156503,4,2020,tripura
Financial Services,4084,3666639.308697606,4,2020,tripura
Others,8242,5416158.232838955,4,2020,tripura
Peer-to-peer payments,643366,2821226150.591918,1,2021,tripura
Recharge & bill payments,508718,173211140.89346513,1,2021,tripura
Merchant payments,350366,333743281.3210389,1,2021,tripura
Financial Services,3146,2879929.222833151,1,2021,tripura
Others,5827,4281067.764165951,1,2021,tripura
Peer-to-peer payments,703728,2865655130.431326,2,2021,tripura
Recharge & bill payments,589839,189808502.9050523,2,2021,tripura
Merchant payments,440060,404915546.51771075,2,2021,tripura
Financial Services,3656,3503925.3381061675,2,2021,tripura
Others,7146,4271255.844077852,2,2021,tripura
Peer-to-peer payments,864329,3491901741.159418,3,2021,tripura
Recharge & bill payments,620991,215226019.5759628,3,2021,tripura
Merchant payments,584079,648504775.623629,3,2021,tripura
Financial Services,2886,3473153.087671739,3,2021,tripura
Others,8915,5028078.734792852,3,2021,tripura
Peer-to-peer payments,1060915,4368786747.103016,4,2021,tripura
Merchant payments,793636,874005407.7140213,4,2021,tripura
Recharge & bill payments,650251,241225282.0745188,4,2021,tripura
Financial Services,3635,5073898.6076811645,4,2021,tripura
Others,12256,7838128.800210228,4,2021,tripura
Peer-to-peer payments,1221863,4934712034.365204,1,2022,tripura
Merchant payments,992891,1037265262.6570491,1,2022,tripura
Recharge & bill payments,641170,262348230.9954375,1,2022,tripura
Financial Services,4351,5782533.2422681665,1,2022,tripura
Others,10915,7221703.089884497,1,2022,tripura
Peer-to-peer payments,1443647,5354182193.788111,2,2022,tripura
Merchant payments,1322009,1235804019.563663,2,2022,tripura
Recharge & bill payments,638643,278018856.1783528,2,2022,tripura
Financial Services,3812,4533635.768901512,2,2022,tripura
Others,10553,5732336.736273008,2,2022,tripura
Peer-to-peer payments,1836678,6718925839.047781,3,2022,tripura
Merchant payments,1660497,1589078400.261532,3,2022,tripura
Recharge & bill payments,745382,329401812.4140819,3,2022,tripura
Financial Services,4343,5330626.119674753,3,2022,tripura
Others,9679,5616127.06807068,3,2022,tripura
Peer-to-peer payments,2252390,8142233538.414011,4,2022,tripura
Merchant payments,2054988,1925282618.810984,4,2022,tripura
Recharge & bill payments,874800,373875271.1987865,4,2022,tripura
Financial Services,5787,5028488.55453164,4,2022,tripura
Others,10225,6551901.175783692,4,2022,tripura
Recharge & bill payments,7003704,1201827543.8816478,1,2018,uttar-pradesh
Peer-to-peer payments,4123625,11786969148.760592,1,2018,uttar-pradesh
Merchant payments,442436,428301434.2754866,1,2018,uttar-pradesh
Financial Services,397328,75150444.99108115,1,2018,uttar-pradesh
Others,570712,447722351.3138524,1,2018,uttar-pradesh
Recharge & bill payments,9232131,2044535461.4826078,2,2018,uttar-pradesh
Peer-to-peer payments,6484369,22197440015.94554,2,2018,uttar-pradesh
Merchant payments,909545,799920463.267408,2,2018,uttar-pradesh
Financial Services,563213,105536911.8402665,2,2018,uttar-pradesh
Others,521685,572768843.1641636,2,2018,uttar-pradesh
Peer-to-peer payments,13828768,32944051606.98276,3,2018,uttar-pradesh
Recharge & bill payments,9140873,2485029062.8899508,3,2018,uttar-pradesh
Merchant payments,2397448,1012726185.1169591,3,2018,uttar-pradesh
Financial Services,603303,76605144.65776658,3,2018,uttar-pradesh
Others,544964,493702369.5936288,3,2018,uttar-pradesh
Peer-to-peer payments,15804910,48836291123.914734,4,2018,uttar-pradesh
Recharge & bill payments,11976808,3040717446.728788,4,2018,uttar-pradesh
Merchant payments,6953857,2480267671.2597933,4,2018,uttar-pradesh
Financial Services,517619,76250539.85851902,4,2018,uttar-pradesh
Others,847573,663216794.1554663,4,2018,uttar-pradesh
Peer-to-peer payments,32062452,68506766330.451485,1,2019,uttar-pradesh
Recharge & bill payments,15400713,4231102032.956448,1,2019,uttar-pradesh
Merchant payments,8558766,3105904146.2085333,1,2019,uttar-pradesh
Financial Services,389733,43341558.4853555,1,2019,uttar-pradesh
Others,912840,637066065.9078369,1,2019,uttar-pradesh
Peer-to-peer payments,27105049,87581482658.94861,2,2019,uttar-pradesh
Recharge & bill payments,17551537,5627886175.9093685,2,2019,uttar-pradesh
Merchant payments,12733089,4894223107.452321,2,2019,uttar-pradesh
Financial Services,264091,38169259.945291094,2,2019,uttar-pradesh
Others,1229734,775758168.4201038,2,2019,uttar-pradesh
Peer-to-peer payments,26990786,95134023863.97963,3,2019,uttar-pradesh
Recharge & bill payments,20359672,8000160942.595397,3,2019,uttar-pradesh
Merchant payments,19625935,7399443975.24218,3,2019,uttar-pradesh
Financial Services,258548,51363215.14597865,3,2019,uttar-pradesh
Others,1389018,683145478.0865316,3,2019,uttar-pradesh
Peer-to-peer payments,40540310,126564888408.1326,4,2019,uttar-pradesh
Recharge & bill payments,24299776,9082140369.774977,4,2019,uttar-pradesh
Merchant payments,20582052,9412924984.9687,4,2019,uttar-pradesh
Financial Services,242936,45686806.830938116,4,2019,uttar-pradesh
Others,1239931,433285937.588854,4,2019,uttar-pradesh
Peer-to-peer payments,39581157,147734706846.5617,1,2020,uttar-pradesh
Recharge & bill payments,29777603,11168417430.65222,1,2020,uttar-pradesh
Merchant payments,26741638,13072371616.871721,1,2020,uttar-pradesh
Financial Services,139990,64365117.40935904,1,2020,uttar-pradesh
Others,998744,376573949.20359,1,2020,uttar-pradesh
Recharge & bill payments,42229417,14668026056.36812,2,2020,uttar-pradesh
Peer-to-peer payments,39434202,150079524408.8693,2,2020,uttar-pradesh
Merchant payments,18625913,13655151082.57472,2,2020,uttar-pradesh
Financial Services,150360,131930242.90371712,2,2020,uttar-pradesh
Others,412073,209384339.5723213,2,2020,uttar-pradesh
Peer-to-peer payments,54449911,207530912756.7304,3,2020,uttar-pradesh
Recharge & bill payments,37465163,16437365640.853413,3,2020,uttar-pradesh
Merchant payments,34697942,24224433240.83624,3,2020,uttar-pradesh
Financial Services,206210,194129227.54374272,3,2020,uttar-pradesh
Others,586033,303114557.0989778,3,2020,uttar-pradesh
Peer-to-peer payments,75433782,294401153346.7633,4,2020,uttar-pradesh
Merchant payments,61922138,44438824680.67094,4,2020,uttar-pradesh
Recharge & bill payments,39570153,17793973968.76192,4,2020,uttar-pradesh
Financial Services,246868,255803306.13741982,4,2020,uttar-pradesh
Others,994576,539071475.9342327,4,2020,uttar-pradesh
Peer-to-peer payments,85539321,321609613378.6789,1,2021,uttar-pradesh
Merchant payments,78873969,55362244381.43686,1,2021,uttar-pradesh
Recharge & bill payments,38981894,18563189222.328213,1,2021,uttar-pradesh
Financial Services,250656,266104783.74495733,1,2021,uttar-pradesh
Others,853707,486435811.37712044,1,2021,uttar-pradesh
Peer-to-peer payments,102927942,388761820128.4563,2,2021,uttar-pradesh
Merchant payments,84860582,70351401159.78787,2,2021,uttar-pradesh
Recharge & bill payments,53030710,22266927128.754078,2,2021,uttar-pradesh
Financial Services,270944,266853066.8296254,2,2021,uttar-pradesh
Others,858953,525487682.5584012,2,2021,uttar-pradesh
Peer-to-peer payments,127945827,440726915882.17084,3,2021,uttar-pradesh
Merchant payments,126699830,91089049637.02377,3,2021,uttar-pradesh
Recharge & bill payments,50414232,24348150109.63599,3,2021,uttar-pradesh
Financial Services,253418,292009129.0296748,3,2021,uttar-pradesh
Others,1230077,624716522.074541,3,2021,uttar-pradesh
Merchant payments,183966052,142889329646.0546,4,2021,uttar-pradesh
Peer-to-peer payments,167503176,600973581946.6771,4,2021,uttar-pradesh
Recharge & bill payments,52863531,28812549097.65689,4,2021,uttar-pradesh
Financial Services,353219,386356976.48969895,4,2021,uttar-pradesh
Others,1471954,829152405.3448995,4,2021,uttar-pradesh
Merchant payments,221556930,165543931419.27042,1,2022,uttar-pradesh
Peer-to-peer payments,195592648,684758883172.6667,1,2022,uttar-pradesh
Recharge & bill payments,54873261,31683813998.38605,1,2022,uttar-pradesh
Financial Services,358499,386218170.5981607,1,2022,uttar-pradesh
Others,1571908,750327356.10464,1,2022,uttar-pradesh
Merchant payments,298721048,216176289528.4325,2,2022,uttar-pradesh
Peer-to-peer payments,232444860,812579156783.274,2,2022,uttar-pradesh
Recharge & bill payments,62659780,37867966758.88997,2,2022,uttar-pradesh
Financial Services,268349,285646084.32585233,2,2022,uttar-pradesh
Others,1204739,606123265.0864555,2,2022,uttar-pradesh
Merchant payments,361972506,232005905549.1372,3,2022,uttar-pradesh
Peer-to-peer payments,267205027,844564255684.5037,3,2022,uttar-pradesh
Recharge & bill payments,72984811,43854148172.58542,3,2022,uttar-pradesh
Financial Services,367887,344330142.1388885,3,2022,uttar-pradesh
Others,1058841,601411350.4106325,3,2022,uttar-pradesh
Merchant payments,439247166,296781967366.6535,4,2022,uttar-pradesh
Peer-to-peer payments,317613698,1030345562935.882,4,2022,uttar-pradesh
Recharge & bill payments,78025017,48159073834.942955,4,2022,uttar-pradesh
Financial Services,418329,430212917.2764113,4,2022,uttar-pradesh
Others,1064861,661985014.7568951,4,2022,uttar-pradesh
Recharge & bill payments,730428,124377517.3349145,1,2018,uttarakhand
Peer-to-peer payments,399545,1296603346.334598,1,2018,uttarakhand
Merchant payments,35382,39372913.10424411,1,2018,uttarakhand
Financial Services,27761,5637758.5563494945,1,2018,uttarakhand
Others,53569,42553823.19378027,1,2018,uttarakhand
Recharge & bill payments,946332,193802092.8234874,2,2018,uttarakhand
Peer-to-peer payments,620490,2358941864.768211,2,2018,uttarakhand
Merchant payments,60494,66946005.758901335,2,2018,uttarakhand
Financial Services,29919,7913276.778501136,2,2018,uttarakhand
Others,46887,52152138.421940185,2,2018,uttarakhand
Peer-to-peer payments,1049725,3356030294.930648,3,2018,uttarakhand
Recharge & bill payments,1004356,239244556.7664653,3,2018,uttarakhand
Merchant payments,112342,84447374.86583523,3,2018,uttarakhand
Financial Services,22792,4334709.909645849,3,2018,uttarakhand
Others,39917,42516103.38590273,3,2018,uttarakhand
Peer-to-peer payments,1556731,5072621132.34355,4,2018,uttarakhand
Recharge & bill payments,1252124,292877734.3379558,4,2018,uttarakhand
Merchant payments,289733,228453045.85460952,4,2018,uttarakhand
Financial Services,29916,6035161.098892693,4,2018,uttarakhand
Others,50257,54285064.328889735,4,2018,uttarakhand
Peer-to-peer payments,3499130,6512361464.496071,1,2019,uttarakhand
Recharge & bill payments,1590269,394631055.6931843,1,2019,uttarakhand
Merchant payments,372290,226281078.76994142,1,2019,uttarakhand
Financial Services,28784,3951610.30495379,1,2019,uttarakhand
Others,55528,46303966.00979781,1,2019,uttarakhand
Peer-to-peer payments,2383662,7752954670.580209,2,2019,uttarakhand
Recharge & bill payments,1616176,454962951.9136597,2,2019,uttarakhand
Merchant payments,721858,323876953.4104364,2,2019,uttarakhand
Financial Services,21852,2550386.4774141517,2,2019,uttarakhand
Others,69727,54187888.53677146,2,2019,uttarakhand
Peer-to-peer payments,2313544,8512622076.436332,3,2019,uttarakhand
Recharge & bill payments,2201606,683772296.9748493,3,2019,uttarakhand
Merchant payments,1121052,480794827.1193007,3,2019,uttarakhand
Financial Services,12119,4570326.192004257,3,2019,uttarakhand
Others,62155,47272543.29483966,3,2019,uttarakhand
Peer-to-peer payments,3210116,11020339546.60495,4,2019,uttarakhand
Recharge & bill payments,2547173,817728111.4576316,4,2019,uttarakhand
Merchant payments,1542944,701746516.8731368,4,2019,uttarakhand
Financial Services,11585,3555524.3767221333,4,2019,uttarakhand
Others,50298,30336605.838333588,4,2019,uttarakhand
Peer-to-peer payments,3792776,13999676596.86588,1,2020,uttarakhand
Recharge & bill payments,2990764,1028598924.445406,1,2020,uttarakhand
Merchant payments,2289657,1094245197.235664,1,2020,uttarakhand
Financial Services,10246,8180881.808693047,1,2020,uttarakhand
Others,48341,27378658.63192141,1,2020,uttarakhand
Recharge & bill payments,3755695,1303523584.942265,2,2020,uttarakhand
Peer-to-peer payments,3656029,13572964169.690289,2,2020,uttarakhand
Merchant payments,1587042,1181497493.0283291,2,2020,uttarakhand
Financial Services,15023,17612288.05771955,2,2020,uttarakhand
Others,33981,18590166.382408552,2,2020,uttarakhand
Peer-to-peer payments,4836512,18377468807.449932,3,2020,uttarakhand
Recharge & bill payments,3751993,1509373287.697055,3,2020,uttarakhand
Merchant payments,3164623,2166776519.85367,3,2020,uttarakhand
Financial Services,20455,26449980.5841113,3,2020,uttarakhand
Others,45352,23442372.421768248,3,2020,uttarakhand
Peer-to-peer payments,6748183,25748737002.1362,4,2020,uttarakhand
Merchant payments,6629201,4274032856.6465273,4,2020,uttarakhand
Recharge & bill payments,4140391,1697819950.556479,4,2020,uttarakhand
Financial Services,27120,29791064.76179735,4,2020,uttarakhand
Others,68376,42358455.009380005,4,2020,uttarakhand
Merchant payments,8393767,5283142247.065778,1,2021,uttarakhand
Peer-to-peer payments,7981710,29202365442.63442,1,2021,uttarakhand
Recharge & bill payments,4146569,1727960484.0302868,1,2021,uttarakhand
Financial Services,30208,38400863.995605044,1,2021,uttarakhand
Others,56148,36320362.17233381,1,2021,uttarakhand
Peer-to-peer payments,9374939,32674145244.39062,2,2021,uttarakhand
Merchant payments,9134389,6257528832.057197,2,2021,uttarakhand
Recharge & bill payments,5388285,1979824048.8157122,2,2021,uttarakhand
Financial Services,31497,35404991.87467629,2,2021,uttarakhand
Others,71322,43914757.70001852,2,2021,uttarakhand
Merchant payments,13673085,9001414756.070686,3,2021,uttarakhand
Peer-to-peer payments,11867174,39256650720.01872,3,2021,uttarakhand
Recharge & bill payments,5388011,2182554095.263321,3,2021,uttarakhand
Financial Services,27839,38013969.98341857,3,2021,uttarakhand
Others,86175,48863242.2282843,3,2021,uttarakhand
Merchant payments,19850878,13515464697.76179,4,2021,uttarakhand
Peer-to-peer payments,14819203,49969580473.077866,4,2021,uttarakhand
Recharge & bill payments,5536262,2540546090.0230794,4,2021,uttarakhand
Financial Services,38764,51212042.38175093,4,2021,uttarakhand
Others,116173,71304856.17664191,4,2021,uttarakhand
Merchant payments,22595602,14585438346.47384,1,2022,uttarakhand
Peer-to-peer payments,16201632,53535521438.95823,1,2022,uttarakhand
Recharge & bill payments,5617605,2745987927.6831985,1,2022,uttarakhand
Financial Services,39033,49695999.71828518,1,2022,uttarakhand
Others,106900,62138787.2410843,1,2022,uttarakhand
Merchant payments,32087670,19479185362.29696,2,2022,uttarakhand
Peer-to-peer payments,19677409,65563901300.310234,2,2022,uttarakhand
Recharge & bill payments,6263098,3174160697.856764,2,2022,uttarakhand
Financial Services,32284,37217548.78562989,2,2022,uttarakhand
Others,106417,58906116.08464594,2,2022,uttarakhand
Merchant payments,35069444,20528059274.248493,3,2022,uttarakhand
Peer-to-peer payments,22031045,68377272372.60579,3,2022,uttarakhand
Recharge & bill payments,6765699,3633710468.801753,3,2022,uttarakhand
Financial Services,38061,44669245.26821817,3,2022,uttarakhand
Others,92270,57548577.43879978,3,2022,uttarakhand
Merchant payments,43185705,26026949674.245083,4,2022,uttarakhand
Peer-to-peer payments,27043038,85220041974.58177,4,2022,uttarakhand
Recharge & bill payments,7610775,4128624164.7492094,4,2022,uttarakhand
Financial Services,44569,55762460.39159953,4,2022,uttarakhand
Others,99793,64668557.391687945,4,2022,uttarakhand
Recharge & bill payments,5773831,964309485.9592384,1,2018,west-bengal
Peer-to-peer payments,4383075,8874266825.985771,1,2018,west-bengal
Financial Services,665171,119502271.6694444,1,2018,west-bengal
Merchant payments,443378,366788699.6571312,1,2018,west-bengal
Others,444770,301111268.8686383,1,2018,west-bengal
Peer-to-peer payments,8284944,15889890046.862808,2,2018,west-bengal
Recharge & bill payments,7360522,1563841173.839662,2,2018,west-bengal
Financial Services,1121570,160809685.9388638,2,2018,west-bengal
Merchant payments,937608,715914360.819237,2,2018,west-bengal
Others,377802,298728202.7433254,2,2018,west-bengal
Peer-to-peer payments,41882429,38439798815.23789,3,2018,west-bengal
Recharge & bill payments,7596315,1992473341.2750618,3,2018,west-bengal
Merchant payments,2252265,979603555.1397108,3,2018,west-bengal
Financial Services,1619524,185187032.89650062,3,2018,west-bengal
Others,354883,246871438.6293067,3,2018,west-bengal
Peer-to-peer payments,17154995,35303180047.061485,4,2018,west-bengal
Recharge & bill payments,9425082,2467741143.225801,4,2018,west-bengal
Merchant payments,8633569,2294203496.6575313,4,2018,west-bengal
Financial Services,734796,93755616.52283625,4,2018,west-bengal
Others,565106,330738908.2367093,4,2018,west-bengal
Peer-to-peer payments,27374206,44170923881.74428,1,2019,west-bengal
Recharge & bill payments,11659948,3021107711.9021683,1,2019,west-bengal
Merchant payments,7636726,2645438308.3384776,1,2019,west-bengal
Financial Services,525650,47986448.46936697,1,2019,west-bengal
Others,429858,279216273.42548996,1,2019,west-bengal
Peer-to-peer payments,20285958,48394974398.37831,2,2019,west-bengal
Merchant payments,13646142,4657258459.145545,2,2019,west-bengal
Recharge & bill payments,12129638,3676123279.380092,2,2019,west-bengal
Financial Services,421037,45646046.98846317,2,2019,west-bengal
Others,540760,331688935.22631323,2,2019,west-bengal
Merchant payments,30804036,8273187167.0788555,3,2019,west-bengal
Peer-to-peer payments,21522913,57058405341.48096,3,2019,west-bengal
Recharge & bill payments,13011501,4832486821.8885765,3,2019,west-bengal
Financial Services,558653,57054414.83597401,3,2019,west-bengal
Others,547726,319398871.5461071,3,2019,west-bengal
Peer-to-peer payments,67037576,76593333397.8665,4,2019,west-bengal
Recharge & bill payments,14511711,4859794689.902503,4,2019,west-bengal
Merchant payments,14187744,6477138700.812115,4,2019,west-bengal
Financial Services,653648,77047243.72974005,4,2019,west-bengal
Others,415159,196296222.3358758,4,2019,west-bengal
Peer-to-peer payments,28457404,82770282623.80914,1,2020,west-bengal
Merchant payments,19779392,8097859088.519977,1,2020,west-bengal
Recharge & bill payments,17448908,5550815439.734788,1,2020,west-bengal
Financial Services,210068,58280893.55150119,1,2020,west-bengal
Others,354609,176067145.3227705,1,2020,west-bengal
Peer-to-peer payments,24855687,84984004330.77179,2,2020,west-bengal
Recharge & bill payments,22220012,7496845561.868595,2,2020,west-bengal
Merchant payments,10225729,7404190137.6690855,2,2020,west-bengal
Financial Services,130595,89987205.23090403,2,2020,west-bengal
Others,244774,124404641.8149572,2,2020,west-bengal
Peer-to-peer payments,37556349,133120676151.84232,3,2020,west-bengal
Recharge & bill payments,22284079,8768630922.970161,3,2020,west-bengal
Merchant payments,19599024,14614394375.38955,3,2020,west-bengal
Financial Services,151996,125973420.85650629,3,2020,west-bengal
Others,363056,183680984.0825331,3,2020,west-bengal
Peer-to-peer payments,46437233,166391874596.3048,4,2020,west-bengal
Merchant payments,30077510,22241302940.832962,4,2020,west-bengal
Recharge & bill payments,23158305,10074605883.201231,4,2020,west-bengal
Financial Services,178455,164241191.7401362,4,2020,west-bengal
Others,489142,293466753.56894124,4,2020,west-bengal
Peer-to-peer payments,53869075,202240249482.85382,1,2021,west-bengal
Merchant payments,37143701,28918343691.01849,1,2021,west-bengal
Recharge & bill payments,26673733,11339665944.69124,1,2021,west-bengal
Financial Services,166727,175445811.8844433,1,2021,west-bengal
Others,400816,263502545.0738997,1,2021,west-bengal
Peer-to-peer payments,64661051,230812278789.29962,2,2021,west-bengal
Merchant payments,41696787,34787867208.31932,2,2021,west-bengal
Recharge & bill payments,34799709,13331453857.609211,2,2021,west-bengal
Financial Services,190537,186466487.6307634,2,2021,west-bengal
Others,549353,316744715.7049847,2,2021,west-bengal
Peer-to-peer payments,84353949,294799731350.5536,3,2021,west-bengal
Merchant payments,58800005,50971169851.15668,3,2021,west-bengal
Recharge & bill payments,37556310,16045754099.005053,3,2021,west-bengal
Financial Services,189087,213411736.37376118,3,2021,west-bengal
Others,813637,426999219.42323273,3,2021,west-bengal
Peer-to-peer payments,105728377,372240891205.5542,4,2021,west-bengal
Merchant payments,80248673,71231577538.7114,4,2021,west-bengal
Recharge & bill payments,37801439,17813903244.6638,4,2021,west-bengal
Financial Services,252535,270791056.67414296,4,2021,west-bengal
Others,998536,660874216.4934741,4,2021,west-bengal
Peer-to-peer payments,124787028,446343740437.97784,1,2022,west-bengal
Merchant payments,97315025,85854730616.41322,1,2022,west-bengal
Recharge & bill payments,37317865,18435424277.7259,1,2022,west-bengal
Financial Services,239530,261096608.8056059,1,2022,west-bengal
Others,845644,531671268.6395414,1,2022,west-bengal
Peer-to-peer payments,145395450,520190680811.7997,2,2022,west-bengal
Merchant payments,126682135,107049019781.85818,2,2022,west-bengal
Recharge & bill payments,42712193,20697301165.418552,2,2022,west-bengal
Financial Services,191724,199770753.2306173,2,2022,west-bengal
Others,760639,438407071.938344,2,2022,west-bengal
Peer-to-peer payments,163523844,556258142870.3699,3,2022,west-bengal
Merchant payments,145181044,123577123532.40579,3,2022,west-bengal
Recharge & bill payments,47208496,24221425246.931328,3,2022,west-bengal
Financial Services,238746,241288774.2323074,3,2022,west-bengal
Others,640258,451918188.20472723,3,2022,west-bengal
Peer-to-peer payments,184380244,620222191587.5907,4,2022,west-bengal
Merchant payments,171667404,140807748126.16342,4,2022,west-bengal
Recharge & bill payments,48921147,26026633153.20199,4,2022,west-bengal
Financial Services,268388,261122865.47893512,4,2022,west-bengal
Others,610414,457937874.81499815,4,2022,west-bengal
Recharge & bill payments,4200,1845307.4673655091,1,2018,andaman-&-nicobar-islands
Peer-to-peer payments,1871,12138655.299749982,1,2018,andaman-&-nicobar-islands
Merchant payments,298,452507.168646613,1,2018,andaman-&-nicobar-islands
Financial Services,33,10601.419933464953,1,2018,andaman-&-nicobar-islands
Others,256,184689.8662902223,1,2018,andaman-&-nicobar-islands
Recharge & bill payments,6735,2320944.731074479,2,2018,andaman-&-nicobar-islands
Peer-to-peer payments,3575,24511925.23104766,2,2018,andaman-&-nicobar-islands
Merchant payments,603,1024491.0133579008,2,2018,andaman-&-nicobar-islands
Financial Services,59,121336.0270987509,2,2018,andaman-&-nicobar-islands
Others,368,359838.50537474576,2,2018,andaman-&-nicobar-islands
Recharge & bill payments,8636,4343504.868377829,3,2018,andaman-&-nicobar-islands
Peer-to-peer payments,6448,49270781.541635044,3,2018,andaman-&-nicobar-islands
Merchant payments,945,1627359.8394868043,3,2018,andaman-&-nicobar-islands
Financial Services,42,1481.4907042806485,3,2018,andaman-&-nicobar-islands
Others,194,314343.39410715323,3,2018,andaman-&-nicobar-islands
Recharge & bill payments,11517,5450549.512294375,4,2018,andaman-&-nicobar-islands
Peer-to-peer payments,10451,81001456.97825177,4,2018,andaman-&-nicobar-islands
Merchant payments,1421,3552027.735492656,4,2018,andaman-&-nicobar-islands
Financial Services,29,76035.7877393286,4,2018,andaman-&-nicobar-islands
Others,340,468266.0606770435,4,2018,andaman-&-nicobar-islands
Recharge & bill payments,15263,6611459.8729725825,1,2019,andaman-&-nicobar-islands
Peer-to-peer payments,13119,91808345.86839552,1,2019,andaman-&-nicobar-islands
Merchant payments,1759,3266589.8469614363,1,2019,andaman-&-nicobar-islands
Financial Services,62,116250.43671861099,1,2019,andaman-&-nicobar-islands
Others,283,497094.6484417205,1,2019,andaman-&-nicobar-islands
Recharge & bill payments,14676,7242448.256212333,2,2019,andaman-&-nicobar-islands
Peer-to-peer payments,14481,107525358.66652839,2,2019,andaman-&-nicobar-islands
Merchant payments,4031,4702152.616619372,2,2019,andaman-&-nicobar-islands
Financial Services,124,113278.91371326067,2,2019,andaman-&-nicobar-islands
Others,377,671471.222589792,2,2019,andaman-&-nicobar-islands
Recharge & bill payments,16219,8171737.705916681,3,2019,andaman-&-nicobar-islands
Peer-to-peer payments,13767,101079821.10344611,3,2019,andaman-&-nicobar-islands
Merchant payments,3519,4428734.574846684,3,2019,andaman-&-nicobar-islands
Financial Services,50,158857.94315586874,3,2019,andaman-&-nicobar-islands
Others,215,232624.75992853564,3,2019,andaman-&-nicobar-islands
Peer-to-peer payments,18128,121493224.3075451,4,2019,andaman-&-nicobar-islands
Recharge & bill payments,13851,9538690.916424634,4,2019,andaman-&-nicobar-islands
Merchant payments,2920,5247500.487902376,4,2019,andaman-&-nicobar-islands
Financial Services,60,295937.2110898865,4,2019,andaman-&-nicobar-islands
Others,200,263177.5944158883,4,2019,andaman-&-nicobar-islands
Peer-to-peer payments,18324,142332401.7923477,1,2020,andaman-&-nicobar-islands
Recharge & bill payments,18268,10850414.023977451,1,2020,andaman-&-nicobar-islands
Merchant payments,4424,7752871.558217709,1,2020,andaman-&-nicobar-islands
Financial Services,66,208231.73071652642,1,2020,andaman-&-nicobar-islands
Others,216,332393.19201521645,1,2020,andaman-&-nicobar-islands
Recharge & bill payments,38125,17659622.73418829,2,2020,andaman-&-nicobar-islands
Peer-to-peer payments,20303,141728757.73517442,2,2020,andaman-&-nicobar-islands
Merchant payments,4004,9236375.740471343,2,2020,andaman-&-nicobar-islands
Financial Services,175,706932.1397115812,2,2020,andaman-&-nicobar-islands
Others,355,313313.0646014327,2,2020,andaman-&-nicobar-islands
Recharge & bill payments,59310,24756220.87546935,3,2020,andaman-&-nicobar-islands
Peer-to-peer payments,40697,289078946.7312394,3,2020,andaman-&-nicobar-islands
Merchant payments,16096,22682992.238478817,3,2020,andaman-&-nicobar-islands
Financial Services,572,961836.7129860274,3,2020,andaman-&-nicobar-islands
Others,808,539449.7721868362,3,2020,andaman-&-nicobar-islands
Peer-to-peer payments,81439,533316526.1814983,4,2020,andaman-&-nicobar-islands
Recharge & bill payments,80811,33710030.53438324,4,2020,andaman-&-nicobar-islands
Merchant payments,59391,56867468.94000395,4,2020,andaman-&-nicobar-islands
Financial Services,965,1880546.9672370641,4,2020,andaman-&-nicobar-islands
Others,1925,1508083.6917299272,4,2020,andaman-&-nicobar-islands
Peer-to-peer payments,105458,665391395.715478,1,2021,andaman-&-nicobar-islands
Recharge & bill payments,84119,37160922.86506996,1,2021,andaman-&-nicobar-islands
Merchant payments,53090,78606979.05751458,1,2021,andaman-&-nicobar-islands
Financial Services,884,1469351.0852598653,1,2021,andaman-&-nicobar-islands
Others,1201,1077918.666433228,1,2021,andaman-&-nicobar-islands
Peer-to-peer payments,132772,748382044.7707307,2,2021,andaman-&-nicobar-islands
Recharge & bill payments,120911,43691961.26275121,2,2021,andaman-&-nicobar-islands
Merchant payments,85143,103707408.5090846,2,2021,andaman-&-nicobar-islands
Financial Services,960,2038521.5136710338,2,2021,andaman-&-nicobar-islands
Others,1628,1327080.0560584562,2,2021,andaman-&-nicobar-islands
Peer-to-peer payments,192321,1077787837.156299,3,2021,andaman-&-nicobar-islands
Recharge & bill payments,136010,51243450.85925055,3,2021,andaman-&-nicobar-islands
Merchant payments,118340,176991328.21761322,3,2021,andaman-&-nicobar-islands
Financial Services,990,2351013.441729573,3,2021,andaman-&-nicobar-islands
Others,2103,1650766.1267105162,3,2021,andaman-&-nicobar-islands
Peer-to-peer payments,285778,1544932663.274458,4,2021,andaman-&-nicobar-islands
Merchant payments,210164,322842314.6243375,4,2021,andaman-&-nicobar-islands
Recharge & bill payments,135608,59243518.11464359,4,2021,andaman-&-nicobar-islands
Financial Services,1718,3137965.167474068,4,2021,andaman-&-nicobar-islands
Others,2855,2453640.142743944,4,2021,andaman-&-nicobar-islands
Peer-to-peer payments,342649,1682328505.725447,1,2022,andaman-&-nicobar-islands
Merchant payments,284298,370091558.683733,1,2022,andaman-&-nicobar-islands
Recharge & bill payments,163401,71300133.66101265,1,2022,andaman-&-nicobar-islands
Financial Services,1757,2869682.0229511866,1,2022,andaman-&-nicobar-islands
Others,2643,2440321.9820225406,1,2022,andaman-&-nicobar-islands
Merchant payments,449540,510838980.9061847,2,2022,andaman-&-nicobar-islands
Peer-to-peer payments,437606,2088309073.4552839,2,2022,andaman-&-nicobar-islands
Recharge & bill payments,179515,82232936.61795367,2,2022,andaman-&-nicobar-islands
Financial Services,1448,2089862.3927160464,2,2022,andaman-&-nicobar-islands
Others,3108,2449496.7081265687,2,2022,andaman-&-nicobar-islands
Merchant payments,716105,693438186.2965411,3,2022,andaman-&-nicobar-islands
Peer-to-peer payments,622217,2514535154.56483,3,2022,andaman-&-nicobar-islands
Recharge & bill payments,240766,97748065.62714244,3,2022,andaman-&-nicobar-islands
Financial Services,1814,2166304.9779766416,3,2022,andaman-&-nicobar-islands
Others,3477,2744060.670897343,3,2022,andaman-&-nicobar-islands
Merchant payments,956536,906365300.658504,4,2022,andaman-&-nicobar-islands
Peer-to-peer payments,768758,2961630584.8271313,4,2022,andaman-&-nicobar-islands
Recharge & bill payments,256050,110037119.6694117,4,2022,andaman-&-nicobar-islands
Financial Services,2499,3533987.2301130476,4,2022,andaman-&-nicobar-islands
Others,3692,3107412.043626394,4,2022,andaman-&-nicobar-islands
Recharge & bill payments,5027448,892293975.6698563,1,2018,andhra-pradesh
Peer-to-peer payments,3049646,10524250283.17878,1,2018,andhra-pradesh
Merchant payments,362672,247297640.2400068,1,2018,andhra-pradesh
Financial Services,204305,44808449.7639544,1,2018,andhra-pradesh
Others,395514,287626042.970705,1,2018,andhra-pradesh
Recharge & bill payments,6456387,1598591488.488035,2,2018,andhra-pradesh
Peer-to-peer payments,4745000,20451493098.895298,2,2018,andhra-pradesh
Merchant payments,604847,436785223.86032957,2,2018,andhra-pradesh
Financial Services,225621,68952114.81374599,2,2018,andhra-pradesh
Others,322063,328092346.575651,2,2018,andhra-pradesh
Peer-to-peer payments,16129591,32738630444.66872,3,2018,andhra-pradesh
Recharge & bill payments,7542005,1949098146.8941922,3,2018,andhra-pradesh
Merchant payments,1225416,685277254.5076212,3,2018,andhra-pradesh
Financial Services,380324,60790077.57437308,3,2018,andhra-pradesh
Others,348725,284248675.5700202,3,2018,andhra-pradesh
Peer-to-peer payments,17580086,47011639726.136086,4,2018,andhra-pradesh
Recharge & bill payments,9767083,2418164314.470957,4,2018,andhra-pradesh
Merchant payments,2622131,1671585888.5682561,4,2018,andhra-pradesh
Financial Services,400837,57178116.40322068,4,2018,andhra-pradesh
Others,389411,315211361.2624941,4,2018,andhra-pradesh
Peer-to-peer payments,37420988,77524329742.2595,1,2019,andhra-pradesh
Recharge & bill payments,14022264,3480641602.3771367,1,2019,andhra-pradesh
Merchant payments,5043682,2423536770.370634,1,2019,andhra-pradesh
Financial Services,416325,47150177.52982048,1,2019,andhra-pradesh
Others,361263,284937624.53930193,1,2019,andhra-pradesh
Peer-to-peer payments,32494402,103924649232.4702,2,2019,andhra-pradesh
Recharge & bill payments,14093964,4708345387.910109,2,2019,andhra-pradesh
Merchant payments,9226537,4613405202.681959,2,2019,andhra-pradesh
Financial Services,145310,26626696.77104253,2,2019,andhra-pradesh
Others,448802,361492238.3966455,2,2019,andhra-pradesh
Peer-to-peer payments,39023491,124338645329.5153,3,2019,andhra-pradesh
Recharge & bill payments,20147629,6893984676.5989065,3,2019,andhra-pradesh
Merchant payments,16581787,7887394038.066369,3,2019,andhra-pradesh
Financial Services,122270,29778183.02708044,3,2019,andhra-pradesh
Others,413437,298142027.5862577,3,2019,andhra-pradesh
Peer-to-peer payments,57181511,178893550050.6875,4,2019,andhra-pradesh
Merchant payments,25122370,13476303367.50486,4,2019,andhra-pradesh
Recharge & bill payments,24469888,8335168605.691999,4,2019,andhra-pradesh
Financial Services,105662,26796571.745749153,4,2019,andhra-pradesh
Others,338672,216496893.1610287,4,2019,andhra-pradesh
Peer-to-peer payments,65452143,223088554055.0475,1,2020,andhra-pradesh
Merchant payments,31408022,18603161784.49699,1,2020,andhra-pradesh
Recharge & bill payments,30449644,10813530777.97353,1,2020,andhra-pradesh
Financial Services,75238,43739133.169823855,1,2020,andhra-pradesh
Others,292310,188228538.3748976,1,2020,andhra-pradesh
Peer-to-peer payments,73609921,262731724130.7907,2,2020,andhra-pradesh
Recharge & bill payments,41013987,16991006436.573462,2,2020,andhra-pradesh
Merchant payments,29976765,22625596525.442688,2,2020,andhra-pradesh
Financial Services,140941,145274999.1567963,2,2020,andhra-pradesh
Others,176241,90087654.60009979,2,2020,andhra-pradesh
Peer-to-peer payments,106791894,406461788252.3205,3,2020,andhra-pradesh
Merchant payments,54055557,40739580213.86052,3,2020,andhra-pradesh
Recharge & bill payments,43500067,19475104674.82717,3,2020,andhra-pradesh
Financial Services,243088,256074924.7187529,3,2020,andhra-pradesh
Others,312329,151582519.1813668,3,2020,andhra-pradesh
Peer-to-peer payments,152003791,566639138543.7709,4,2020,andhra-pradesh
Merchant payments,86581460,66654048149.951675,4,2020,andhra-pradesh
Recharge & bill payments,46810304,20936337211.55774,4,2020,andhra-pradesh
Financial Services,265470,305168772.45601684,4,2020,andhra-pradesh
Others,457527,306853355.594738,4,2020,andhra-pradesh
Peer-to-peer payments,149313738,580542193013.0018,1,2021,andhra-pradesh
Merchant payments,97920281,70813192713.43477,1,2021,andhra-pradesh
Recharge & bill payments,41940689,20546424964.144817,1,2021,andhra-pradesh
Financial Services,225355,270313028.4845201,1,2021,andhra-pradesh
Others,347907,272546457.5502677,1,2021,andhra-pradesh
Peer-to-peer payments,189614879,737004484057.439,2,2021,andhra-pradesh
Merchant payments,112875274,88512429436.91249,2,2021,andhra-pradesh
Recharge & bill payments,49626902,24646800345.106968,2,2021,andhra-pradesh
Financial Services,243237,265483044.4012466,2,2021,andhra-pradesh
Others,406842,308302224.3856007,2,2021,andhra-pradesh
Peer-to-peer payments,221280317,837841124664.307,3,2021,andhra-pradesh
Merchant payments,158290953,118164377968.1675,3,2021,andhra-pradesh
Recharge & bill payments,51702350,27511344958.24361,3,2021,andhra-pradesh
Financial Services,211171,297239697.8307386,3,2021,andhra-pradesh
Others,547759,403948275.5675607,3,2021,andhra-pradesh
Peer-to-peer payments,262006450,971269765249.1283,4,2021,andhra-pradesh
Merchant payments,207538904,152883933596.5386,4,2021,andhra-pradesh
Recharge & bill payments,51762842,31232784713.98579,4,2021,andhra-pradesh
Financial Services,243951,332740108.6635881,4,2021,andhra-pradesh
Others,701856,545223415.6638832,4,2021,andhra-pradesh
Peer-to-peer payments,288488560,1089629182596.4779,1,2022,andhra-pradesh
Merchant payments,242031836,169419685917.19562,1,2022,andhra-pradesh
Recharge & bill payments,51224170,34473036841.83001,1,2022,andhra-pradesh
Financial Services,231651,324358965.1185906,1,2022,andhra-pradesh
Others,627694,474382234.25397474,1,2022,andhra-pradesh
Peer-to-peer payments,321362337,1231408926513.711,2,2022,andhra-pradesh
Merchant payments,292530048,205433660654.20892,2,2022,andhra-pradesh
Recharge & bill payments,56606969,42408541939.06145,2,2022,andhra-pradesh
Financial Services,192751,245783011.0445526,2,2022,andhra-pradesh
Others,441925,357036084.9071137,2,2022,andhra-pradesh
Peer-to-peer payments,298804000,1140164525892.739,3,2022,andhra-pradesh
Merchant payments,291033653,202910820650.0824,3,2022,andhra-pradesh
Recharge & bill payments,52467708,41438764826.203224,3,2022,andhra-pradesh
Financial Services,187190,239347241.5465504,3,2022,andhra-pradesh
Others,362484,323951101.5715289,3,2022,andhra-pradesh
Merchant payments,321632104,211898851397.0984,4,2022,andhra-pradesh
Peer-to-peer payments,315734006,1170249585983.011,4,2022,andhra-pradesh
Recharge & bill payments,52098850,41986837706.47902,4,2022,andhra-pradesh
Financial Services,206459,250596592.06465042,4,2022,andhra-pradesh
Others,345658,339211363.0027188,4,2022,andhra-pradesh
Recharge & bill payments,28729,5184132.514934338,1,2018,arunachal-pradesh
Peer-to-peer payments,13320,82889682.72418305,1,2018,arunachal-pradesh
Merchant payments,1042,2420374.1905855755,1,2018,arunachal-pradesh
Financial Services,416,58893.76201533088,1,2018,arunachal-pradesh
Others,1990,1834252.8176908877,1,2018,arunachal-pradesh
Recharge & bill payments,50700,10468878.53710718,2,2018,arunachal-pradesh
Peer-to-peer payments,26477,181576281.1946475,2,2018,arunachal-pradesh
Merchant payments,2378,4718953.439561011,2,2018,arunachal-pradesh
Financial Services,559,363761.80159549194,2,2018,arunachal-pradesh
Others,2043,1842317.3691352482,2,2018,arunachal-pradesh
Recharge & bill payments,74122,15997565.906016491,3,2018,arunachal-pradesh
Peer-to-peer payments,49740,308106303.4534257,3,2018,arunachal-pradesh
Merchant payments,4738,5505694.567913429,3,2018,arunachal-pradesh
Financial Services,507,72133.845254878,3,2018,arunachal-pradesh
Others,2039,2044708.9687807972,3,2018,arunachal-pradesh
Recharge & bill payments,97751,20662691.88231327,4,2018,arunachal-pradesh
Peer-to-peer payments,68169,468831493.23280364,4,2018,arunachal-pradesh
Merchant payments,7726,11998974.1040326,4,2018,arunachal-pradesh
Financial Services,561,100597.90379906222,4,2018,arunachal-pradesh
Others,2222,2446271.9688117937,4,2018,arunachal-pradesh
Recharge & bill payments,121303,26796894.99823331,1,2019,arunachal-pradesh
Peer-to-peer payments,93494,568554821.4456317,1,2019,arunachal-pradesh
Merchant payments,9214,11727218.401334241,1,2019,arunachal-pradesh
Financial Services,256,140622.87093631705,1,2019,arunachal-pradesh
Others,2239,2730548.5978140826,1,2019,arunachal-pradesh
Recharge & bill payments,131988,30420803.41271234,2,2019,arunachal-pradesh
Peer-to-peer payments,106527,704237943.4054435,2,2019,arunachal-pradesh
Merchant payments,16828,13955724.13071291,2,2019,arunachal-pradesh
Financial Services,267,160660.8821362781,2,2019,arunachal-pradesh
Others,3046,3880742.524023137,2,2019,arunachal-pradesh
Recharge & bill payments,216228,50946104.94289842,3,2019,arunachal-pradesh
Peer-to-peer payments,133484,841037395.2474606,3,2019,arunachal-pradesh
Merchant payments,16900,17178248.07427002,3,2019,arunachal-pradesh
Financial Services,864,64089.11350267195,3,2019,arunachal-pradesh
Others,2758,3419197.4177385764,3,2019,arunachal-pradesh
Recharge & bill payments,259183,63516906.09060433,4,2019,arunachal-pradesh
Peer-to-peer payments,177833,1100137447.934045,4,2019,arunachal-pradesh
Merchant payments,19769,23192271.69157681,4,2019,arunachal-pradesh
Financial Services,314,305379.7987782319,4,2019,arunachal-pradesh
Others,2376,3421174.01227797,4,2019,arunachal-pradesh
Recharge & bill payments,329834,86011654.77474582,1,2020,arunachal-pradesh
Peer-to-peer payments,203429,1263912288.406636,1,2020,arunachal-pradesh
Merchant payments,31181,28553052.13391879,1,2020,arunachal-pradesh
Financial Services,470,337812.94816169393,1,2020,arunachal-pradesh
Others,2261,2943873.0666838237,1,2020,arunachal-pradesh
Recharge & bill payments,522495,145198528.2296113,2,2020,arunachal-pradesh
Peer-to-peer payments,247861,1630654426.044183,2,2020,arunachal-pradesh
Merchant payments,35169,46446966.61244751,2,2020,arunachal-pradesh
Financial Services,1310,2655507.6964110374,2,2020,arunachal-pradesh
Others,1939,1761404.4023099935,2,2020,arunachal-pradesh
Recharge & bill payments,514907,153463816.2118439,3,2020,arunachal-pradesh
Peer-to-peer payments,370418,2361603431.37578,3,2020,arunachal-pradesh
Merchant payments,72736,88145178.69272713,3,2020,arunachal-pradesh
Financial Services,1761,4030599.9171272423,3,2020,arunachal-pradesh
Others,3005,2695539.3607389224,3,2020,arunachal-pradesh
Peer-to-peer payments,522019,3254744938.410562,4,2020,arunachal-pradesh
Recharge & bill payments,513895,152389181.2174306,4,2020,arunachal-pradesh
Merchant payments,167387,156682926.023846,4,2020,arunachal-pradesh
Financial Services,1749,2391651.8783250954,4,2020,arunachal-pradesh
Others,4079,4055324.315454754,4,2020,arunachal-pradesh
Peer-to-peer payments,566209,3460488558.9436502,1,2021,arunachal-pradesh
Recharge & bill payments,450649,142358376.9003836,1,2021,arunachal-pradesh
Merchant payments,155966,204958020.08914977,1,2021,arunachal-pradesh
Financial Services,1558,2672460.4740365944,1,2021,arunachal-pradesh
Others,3074,3301662.6094231335,1,2021,arunachal-pradesh
Peer-to-peer payments,762946,4000960152.0755486,2,2021,arunachal-pradesh
Recharge & bill payments,556680,165579844.2510589,2,2021,arunachal-pradesh
Merchant payments,243375,283709438.5363142,2,2021,arunachal-pradesh
Financial Services,1582,2761076.7934988844,2,2021,arunachal-pradesh
Others,3755,3415105.3379601175,2,2021,arunachal-pradesh
Peer-to-peer payments,986088,5033603845.032885,3,2021,arunachal-pradesh
Recharge & bill payments,600102,187390578.30403772,3,2021,arunachal-pradesh
Merchant payments,314658,449869060.7842621,3,2021,arunachal-pradesh
Financial Services,1934,3348547.8272713376,3,2021,arunachal-pradesh
Others,4185,3912143.3503634185,3,2021,arunachal-pradesh
Peer-to-peer payments,1227616,6022733378.120082,4,2021,arunachal-pradesh
Recharge & bill payments,633248,207784816.33218512,4,2021,arunachal-pradesh
Merchant payments,521447,704195694.9939187,4,2021,arunachal-pradesh
Financial Services,2386,3933557.2795471298,4,2021,arunachal-pradesh
Others,5901,4862905.885615055,4,2021,arunachal-pradesh
Peer-to-peer payments,1403584,6670641250.459451,1,2022,arunachal-pradesh
Merchant payments,720803,917155358.7177179,1,2022,arunachal-pradesh
Recharge & bill payments,670576,231933129.00412327,1,2022,arunachal-pradesh
Financial Services,3053,3359625.792926075,1,2022,arunachal-pradesh
Others,6052,5002264.113148138,1,2022,arunachal-pradesh
Peer-to-peer payments,1751568,7627061474.687716,2,2022,arunachal-pradesh
Merchant payments,1108353,1255513517.363942,2,2022,arunachal-pradesh
Recharge & bill payments,688770,241162643.1948015,2,2022,arunachal-pradesh
Financial Services,2466,4063469.0998270046,2,2022,arunachal-pradesh
Others,5768,3864269.879579009,2,2022,arunachal-pradesh
Peer-to-peer payments,1967086,7365427284.274203,3,2022,arunachal-pradesh
Merchant payments,1316326,1413247143.488991,3,2022,arunachal-pradesh
Recharge & bill payments,649322,238448083.8077975,3,2022,arunachal-pradesh
Financial Services,1997,4763324.776043448,3,2022,arunachal-pradesh
Others,4687,3224948.7015704075,3,2022,arunachal-pradesh
Peer-to-peer payments,2251135,7768088687.67791,4,2022,arunachal-pradesh
Merchant payments,1704968,1669602212.917463,4,2022,arunachal-pradesh
Recharge & bill payments,669151,239412553.6121468,4,2022,arunachal-pradesh
Financial Services,2617,3785469.3993366556,4,2022,arunachal-pradesh
Others,4838,4020773.8953960314,4,2022,arunachal-pradesh
Recharge & bill payments,632092,93491181.14056379,1,2018,assam
Peer-to-peer payments,318025,993525195.9818655,1,2018,assam
Merchant payments,40482,34501622.892667554,1,2018,assam
Financial Services,18172,4936862.200688562,1,2018,assam
Others,48110,31349593.99668264,1,2018,assam
Recharge & bill payments,984160,174427478.213408,2,2018,assam
Peer-to-peer payments,530781,2064314053.1339972,2,2018,assam
Merchant payments,79307,73366344.80739225,2,2018,assam
Financial Services,22773,7051504.657611102,2,2018,assam
Others,46852,31425754.72538605,2,2018,assam
Recharge & bill payments,1275136,254569069.32411742,3,2018,assam
Peer-to-peer payments,843571,3424136709.50882,3,2018,assam
Merchant payments,159532,96783839.37466942,3,2018,assam
Financial Services,22677,4741123.821880115,3,2018,assam
Others,50935,30904247.88478589,3,2018,assam
Recharge & bill payments,1703488,317661277.3470997,4,2018,assam
Peer-to-peer payments,1279089,5284776455.070784,4,2018,assam
Merchant payments,667293,240563395.2777939,4,2018,assam
Financial Services,28035,6331912.52655252,4,2018,assam
Others,56267,38689818.79087821,4,2018,assam
Recharge & bill payments,1993220,400281677.9438284,1,2019,assam
Peer-to-peer payments,1976310,7291433300.700248,1,2019,assam
Merchant payments,494871,266644645.7492942,1,2019,assam
Financial Services,20162,4612454.1127945455,1,2019,assam
Others,48442,39127457.94468763,1,2019,assam
Recharge & bill payments,2512932,539315772.8606573,2,2019,assam
Peer-to-peer payments,2293770,10035232820.852959,2,2019,assam
Merchant payments,573646,326844709.5879724,2,2019,assam
Financial Services,13654,4037222.414240564,2,2019,assam
Others,60927,49538663.41037582,2,2019,assam
Peer-to-peer payments,2713539,11835800855.17655,3,2019,assam
Recharge & bill payments,2645302,639885372.7480905,3,2019,assam
Merchant payments,513728,421380275.4207429,3,2019,assam
Financial Services,8606,6403456.344768786,3,2019,assam
Others,61396,46973660.73634353,3,2019,assam
Peer-to-peer payments,3222143,14083346879.36185,4,2019,assam
Recharge & bill payments,2937800,704118873.9720939,4,2019,assam
Merchant payments,544053,456318130.082201,4,2019,assam
Financial Services,9621,3492255.0860687294,4,2019,assam
Others,46893,34707757.00985589,4,2019,assam
Peer-to-peer payments,4058740,18977446151.76882,1,2020,assam
Recharge & bill payments,3897975,971722606.1579468,1,2020,assam
Merchant payments,792646,675423852.9512749,1,2020,assam
Financial Services,10173,7054325.507515656,1,2020,assam
Others,49326,36781411.34368035,1,2020,assam
Recharge & bill payments,6045321,1612522828.716347,2,2020,assam
Peer-to-peer payments,3648386,17358374071.26616,2,2020,assam
Merchant payments,742400,749018053.2400584,2,2020,assam
Financial Services,19814,18130004.68767226,2,2020,assam
Others,49278,28255168.009208795,2,2020,assam
Peer-to-peer payments,5637893,26646565777.439194,3,2020,assam
Recharge & bill payments,5292154,1627282415.945187,3,2020,assam
Merchant payments,1383230,1492484153.387315,3,2020,assam
Financial Services,24954,28452966.02637225,3,2020,assam
Others,59480,36605946.74600269,3,2020,assam
Peer-to-peer payments,7538478,36013292450.81438,4,2020,assam
Recharge & bill payments,5383505,1662189124.417745,4,2020,assam
Merchant payments,2392184,2466913305.59039,4,2020,assam
Financial Services,29764,32314809.97526103,4,2020,assam
Others,79523,51901628.46643049,4,2020,assam
Peer-to-peer payments,9449096,45476079487.104645,1,2021,assam
Recharge & bill payments,6494111,2103017761.5465329,1,2021,assam
Merchant payments,3459132,3657261586.200161,1,2021,assam
Financial Services,34049,41291047.383212395,1,2021,assam
Others,75672,48814663.88782827,1,2021,assam
Peer-to-peer payments,11668399,51521387890.612526,2,2021,assam
Recharge & bill payments,9058005,2657676415.2458973,2,2021,assam
Merchant payments,4562669,4914753140.040101,2,2021,assam
Financial Services,49671,46106001.4981417,2,2021,assam
Others,94161,52549929.26715793,2,2021,assam
Peer-to-peer payments,15617592,64131823895.23546,3,2021,assam
Recharge & bill payments,10284267,3248364164.198426,3,2021,assam
Merchant payments,7431371,8208706348.034584,3,2021,assam
Financial Services,39479,43889820.49598975,3,2021,assam
Others,131732,67715045.34317216,3,2021,assam
Peer-to-peer payments,21393962,86801625126.53499,4,2021,assam
Merchant payments,12895755,13378765005.90518,4,2021,assam
Recharge & bill payments,11484376,3842004488.3733187,4,2021,assam
Financial Services,60724,65456475.82619133,4,2021,assam
Others,185544,97116796.57575196,4,2021,assam
Peer-to-peer payments,27156085,108855352347.44861,1,2022,assam
Merchant payments,19011883,18833132506.02235,1,2022,assam
Recharge & bill payments,12474674,4424035840.366192,1,2022,assam
Financial Services,68432,73257991.39188361,1,2022,assam
Others,178812,94659207.47378007,1,2022,assam
Peer-to-peer payments,33879530,123829913105.31839,2,2022,assam
Merchant payments,28377534,24333260089.82686,2,2022,assam
Recharge & bill payments,13858113,4814695679.877083,2,2022,assam
Financial Services,50785,55549153.74320389,2,2022,assam
Others,168763,77624058.0178437,2,2022,assam
Peer-to-peer payments,37000266,127264703851.96631,3,2022,assam
Merchant payments,34935460,28789992307.1612,3,2022,assam
Recharge & bill payments,13974568,5295136932.037907,3,2022,assam
Financial Services,65066,62882386.459812224,3,2022,assam
Others,138451,76363577.2732331,3,2022,assam
Peer-to-peer payments,44828832,150693397669.1831,4,2022,assam
Merchant payments,43605784,36033810141.57484,4,2022,assam
Recharge & bill payments,15344794,5773980885.270762,4,2022,assam
Financial Services,74414,75960367.91633397,4,2022,assam
Others,127443,76370123.60102956,4,2022,assam
Recharge & bill payments,3159922,375559206.7727593,1,2018,bihar
Peer-to-peer payments,2052089,5295346761.4508295,1,2018,bihar
Financial Services,194295,33999413.87739952,1,2018,bihar
Merchant payments,138885,139827755.73655012,1,2018,bihar
Others,279111,201025034.1796018,1,2018,bihar
Recharge & bill payments,4346849,700649777.0602969,2,2018,bihar
Peer-to-peer payments,3447898,12141448845.07762,2,2018,bihar
Merchant payments,311487,318571872.8216527,2,2018,bihar
Financial Services,267433,45332532.09643286,2,2018,bihar
Others,258711,300128082.61604583,2,2018,bihar
Peer-to-peer payments,8893764,18695889187.89432,3,2018,bihar
Recharge & bill payments,4401439,804061398.5166464,3,2018,bihar
Merchant payments,586862,367608510.7261781,3,2018,bihar
Financial Services,274510,33276460.45213346,3,2018,bihar
Others,211229,234968821.3120635,3,2018,bihar
Peer-to-peer payments,8094296,26224303882.80399,4,2018,bihar
Recharge & bill payments,5469096,986310785.0093702,4,2018,bihar
Merchant payments,1680664,848968693.0665623,4,2018,bihar
Financial Services,237247,36199427.51318769,4,2018,bihar
Others,251098,302214380.1845841,4,2018,bihar
Peer-to-peer payments,16807040,38824078062.32093,1,2019,bihar
Recharge & bill payments,7036367,1333688182.5386739,1,2019,bihar
Merchant payments,2055267,1024996999.52793,1,2019,bihar
Financial Services,204689,28599535.73440934,1,2019,bihar
Others,252871,291464734.4043106,1,2019,bihar
Peer-to-peer payments,15837449,58381285240.80835,2,2019,bihar
Recharge & bill payments,9279442,1996804238.274975,2,2019,bihar
Merchant payments,4365465,2308145849.844257,2,2019,bihar
Financial Services,129603,63338108.53755434,2,2019,bihar
Others,348520,382864846.0767575,2,2019,bihar
Peer-to-peer payments,15446119,61831776093.09613,3,2019,bihar
Recharge & bill payments,9115040,2140566974.7056367,3,2019,bihar
Merchant payments,7206001,3413490288.313707,3,2019,bihar
Financial Services,89997,20145460.42764103,3,2019,bihar
Others,282743,286804437.7358033,3,2019,bihar
Peer-to-peer payments,26337842,86340631422.24606,4,2019,bihar
Recharge & bill payments,11358597,2649616529.830146,4,2019,bihar
Merchant payments,5519582,4177574379.0405846,4,2019,bihar
Financial Services,100192,18815964.76179212,4,2019,bihar
Others,214101,126788281.9306988,4,2019,bihar
Peer-to-peer payments,23163922,99873688132.90309,1,2020,bihar
Recharge & bill payments,13837430,3680590624.90061,1,2020,bihar
Merchant payments,7822567,5562692116.5708065,1,2020,bihar
Financial Services,57233,23954789.407903697,1,2020,bihar
Others,200663,115927863.4636658,1,2020,bihar
Peer-to-peer payments,26572651,116244368941.33601,2,2020,bihar
Recharge & bill payments,19522564,5642294772.453551,2,2020,bihar
Merchant payments,7011681,6760404421.62296,2,2020,bihar
Financial Services,73119,54077813.26068059,2,2020,bihar
Others,206727,105377680.1707557,2,2020,bihar
Peer-to-peer payments,37294332,153664683751.5327,3,2020,bihar
Recharge & bill payments,19027978,6313780616.601829,3,2020,bihar
Merchant payments,14777337,13111735855.02769,3,2020,bihar
Financial Services,104135,81355476.16367023,3,2020,bihar
Others,299966,157309412.49242482,3,2020,bihar
Peer-to-peer payments,49432098,208484557891.4286,4,2020,bihar
Merchant payments,26750991,23185594534.30522,4,2020,bihar
Recharge & bill payments,19908687,6926960996.688756,4,2020,bihar
Financial Services,119416,100785736.00790758,4,2020,bihar
Others,380481,207713978.0422387,4,2020,bihar
Peer-to-peer payments,58566582,242013312361.31097,1,2021,bihar
Merchant payments,33959313,30171144593.36987,1,2021,bihar
Recharge & bill payments,21974086,8505455545.448765,1,2021,bihar
Financial Services,124277,112949858.2502867,1,2021,bihar
Others,308219,170787342.84811792,1,2021,bihar
Peer-to-peer payments,78694099,319758683264.15344,2,2021,bihar
Merchant payments,44686786,43458914639.771385,2,2021,bihar
Recharge & bill payments,31646149,11030849713.50242,2,2021,bihar
Financial Services,149791,116086345.9130171,2,2021,bihar
Others,426797,215721223.23864052,2,2021,bihar
Peer-to-peer payments,92785704,331514102784.2631,3,2021,bihar
Merchant payments,64094961,53849745604.9643,3,2021,bihar
Recharge & bill payments,30081746,11327303470.019909,3,2021,bihar
Financial Services,135748,130349071.6190198,3,2021,bihar
Others,572954,241260025.5456988,3,2021,bihar
Peer-to-peer payments,117340712,423665098014.2792,4,2021,bihar
Merchant payments,95992559,81729122295.53772,4,2021,bihar
Recharge & bill payments,30824177,13438634948.21264,4,2021,bihar
Financial Services,186298,173358268.8208331,4,2021,bihar
Others,783199,365400541.9114517,4,2021,bihar
Peer-to-peer payments,138085265,500024806542.69324,1,2022,bihar
Merchant payments,114892163,95507710275.50963,1,2022,bihar
Recharge & bill payments,30545266,15431605247.390362,1,2022,bihar
Financial Services,169722,148088975.2289656,1,2022,bihar
Others,698018,299484690.3236611,1,2022,bihar
Peer-to-peer payments,164119431,610448610667.7207,2,2022,bihar
Merchant payments,158289353,126423430586.4294,2,2022,bihar
Recharge & bill payments,36950622,17225668601.94898,2,2022,bihar
Financial Services,124199,116203820.9113148,2,2022,bihar
Others,661424,247541289.12967214,2,2022,bihar
Merchant payments,198273336,137873615624.7293,3,2022,bihar
Peer-to-peer payments,192304951,632747186972.1919,3,2022,bihar
Recharge & bill payments,46044353,20417791249.028313,3,2022,bihar
Financial Services,179533,161987346.1868727,3,2022,bihar
Others,565212,245905365.7791165,3,2022,bihar
Merchant payments,243777692,172924170171.63202,4,2022,bihar
Peer-to-peer payments,225487662,739870172148.0806,4,2022,bihar
Recharge & bill payments,47054083,22729599211.247627,4,2022,bihar
Financial Services,205989,199208429.5113938,4,2022,bihar
Others,559223,288999714.3604311,4,2022,bihar
Recharge & bill payments,201262,47479581.16264416,1,2018,chandigarh
Peer-to-peer payments,135136,527998849.3405593,1,2018,chandigarh
Merchant payments,21431,19477066.53327671,1,2018,chandigarh
Financial Services,8473,1865618.249949839,1,2018,chandigarh
Others,15593,16614305.581193212,1,2018,chandigarh
Recharge & bill payments,224548,76722906.67871952,2,2018,chandigarh
Peer-to-peer payments,194627,835296156.4220203,2,2018,chandigarh
Merchant payments,34606,29408471.50633327,2,2018,chandigarh
Financial Services,11927,3679451.8635118967,2,2018,chandigarh
Others,13376,16116275.27414421,2,2018,chandigarh
Peer-to-peer payments,295358,1217617705.9681761,3,2018,chandigarh
Recharge & bill payments,236445,100639674.6708905,3,2018,chandigarh
Merchant payments,64998,37560565.97386869,3,2018,chandigarh
Financial Services,7642,1302311.5967954171,3,2018,chandigarh
Others,12493,12234189.32458079,3,2018,chandigarh
Peer-to-peer payments,431461,1793871702.31964,4,2018,chandigarh
Recharge & bill payments,310527,128130475.99274202,4,2018,chandigarh
Merchant payments,135266,94010713.60616028,4,2018,chandigarh
Financial Services,10008,2039811.3372037038,4,2018,chandigarh
Others,17854,14538888.5242277,4,2018,chandigarh
Peer-to-peer payments,689400,2123866601.651375,1,2019,chandigarh
Recharge & bill payments,390610,161414934.1023837,1,2019,chandigarh
Merchant payments,169984,97230471.44089967,1,2019,chandigarh
Financial Services,7412,917030.9066760786,1,2019,chandigarh
Others,17070,12603012.34269331,1,2019,chandigarh
Peer-to-peer payments,604849,2339922407.523348,2,2019,chandigarh
Recharge & bill payments,342294,185659011.54417652,2,2019,chandigarh
Merchant payments,277811,152766864.6619033,2,2019,chandigarh
Financial Services,5590,839765.161351582,2,2019,chandigarh
Others,21926,13928050.05367653,2,2019,chandigarh
Peer-to-peer payments,722233,2815184152.804132,3,2019,chandigarh
Merchant payments,447069,226535908.8355719,3,2019,chandigarh
Recharge & bill payments,308219,213884900.47217813,3,2019,chandigarh
Financial Services,2447,794918.674981478,3,2019,chandigarh
Others,26575,13282206.87397679,3,2019,chandigarh
Peer-to-peer payments,927850,3586763928.6423693,4,2019,chandigarh
Merchant payments,561630,318692521.7922494,4,2019,chandigarh
Recharge & bill payments,338203,237695594.96329552,4,2019,chandigarh
Financial Services,1911,654298.6785004465,4,2019,chandigarh
Others,21321,8707473.86293627,4,2019,chandigarh
Peer-to-peer payments,1087401,4421372542.468033,1,2020,chandigarh
Merchant payments,764832,438193845.45277053,1,2020,chandigarh
Recharge & bill payments,389851,257250007.24455768,1,2020,chandigarh
Financial Services,1574,1406138.1883251297,1,2020,chandigarh
Others,18853,8230536.662513691,1,2020,chandigarh
Peer-to-peer payments,766698,3293060119.5471582,2,2020,chandigarh
Merchant payments,390906,331423259.0003719,2,2020,chandigarh
Recharge & bill payments,361577,214425229.3354035,2,2020,chandigarh
Financial Services,1797,3982005.1176844486,2,2020,chandigarh
Others,7032,4125116.689457224,2,2020,chandigarh
Peer-to-peer payments,981986,4178346395.4124923,3,2020,chandigarh
Merchant payments,796634,604271248.9262259,3,2020,chandigarh
Recharge & bill payments,366353,296964794.9657042,3,2020,chandigarh
Financial Services,2643,5254415.457263877,3,2020,chandigarh
Others,10470,4972498.603385328,3,2020,chandigarh
Merchant payments,1322026,939307675.8510207,4,2020,chandigarh
Peer-to-peer payments,1159377,4872318731.339843,4,2020,chandigarh
Recharge & bill payments,409997,320731281.94750684,4,2020,chandigarh
Financial Services,3346,4400109.748752326,4,2020,chandigarh
Others,17970,10005102.462219939,4,2020,chandigarh
Merchant payments,1799072,1210594490.098149,1,2021,chandigarh
Peer-to-peer payments,1472084,5916467167.303293,1,2021,chandigarh
Recharge & bill payments,678396,451109555.3388933,1,2021,chandigarh
Financial Services,5111,7700394.761505902,1,2021,chandigarh
Others,15574,10549252.04415386,1,2021,chandigarh
Merchant payments,1926913,1390989390.778968,2,2021,chandigarh
Peer-to-peer payments,1663559,6541132352.922334,2,2021,chandigarh
Recharge & bill payments,806710,467698864.66720563,2,2021,chandigarh
Financial Services,5502,7394941.032842191,2,2021,chandigarh
Others,14863,10458390.534755519,2,2021,chandigarh
Merchant payments,3179506,2245390329.204789,3,2021,chandigarh
Peer-to-peer payments,2434417,8927868098.340746,3,2021,chandigarh
Recharge & bill payments,1008585,620437997.3899603,3,2021,chandigarh
Financial Services,5700,7960844.903971832,3,2021,chandigarh
Others,21170,14225734.853836149,3,2021,chandigarh
Merchant payments,4056249,3041038519.823397,4,2021,chandigarh
Peer-to-peer payments,2797561,10610461952.107151,4,2021,chandigarh
Recharge & bill payments,1013153,693790747.2429855,4,2021,chandigarh
Financial Services,7038,10459431.863661801,4,2021,chandigarh
Others,24902,17832859.58125159,4,2021,chandigarh
Merchant payments,4511757,3264574793.4564347,1,2022,chandigarh
Peer-to-peer payments,3012464,11150701028.60572,1,2022,chandigarh
Recharge & bill payments,1046187,731347957.2152067,1,2022,chandigarh
Financial Services,7228,13538635.5629482,1,2022,chandigarh
Others,22855,14829134.99968666,1,2022,chandigarh
Merchant payments,6136803,3919372475.560565,2,2022,chandigarh
Peer-to-peer payments,3489382,12549248085.111439,2,2022,chandigarh
Recharge & bill payments,1119367,792957088.5933374,2,2022,chandigarh
Financial Services,6673,8943857.181076445,2,2022,chandigarh
Others,20264,12978651.92456994,2,2022,chandigarh
Merchant payments,7665907,4713972532.82215,3,2022,chandigarh
Peer-to-peer payments,4423590,14788179156.48195,3,2022,chandigarh
Recharge & bill payments,1360342,1033530639.936082,3,2022,chandigarh
Financial Services,8868,9918740.020967592,3,2022,chandigarh
Others,19466,14156668.14469164,3,2022,chandigarh
Merchant payments,10170372,6570336079.954211,4,2022,chandigarh
Peer-to-peer payments,5951989,20013621495.89691,4,2022,chandigarh
Recharge & bill payments,1749647,1267654269.159074,4,2022,chandigarh
Financial Services,10778,12000766.356404979,4,2022,chandigarh
Others,22054,16141955.57281622,4,2022,chandigarh
Recharge & bill payments,1177618,206518662.810148,1,2018,chhattisgarh
Peer-to-peer payments,550697,1838238336.1663632,1,2018,chhattisgarh
Merchant payments,42411,39708474.15869055,1,2018,chhattisgarh
Financial Services,33002,7350624.274461515,1,2018,chhattisgarh
Others,87786,57339459.82710209,1,2018,chhattisgarh
Recharge & bill payments,1643461,351709628.0901169,2,2018,chhattisgarh
Peer-to-peer payments,933066,3703114547.658351,2,2018,chhattisgarh
Merchant payments,118438,129967815.18510851,2,2018,chhattisgarh
Financial Services,40299,9405941.62707696,2,2018,chhattisgarh
Others,80892,69972510.60099621,2,2018,chhattisgarh
Recharge & bill payments,1911374,443460556.7759034,3,2018,chhattisgarh
Peer-to-peer payments,1619886,5647949187.747949,3,2018,chhattisgarh
Merchant payments,220572,145342066.0137747,3,2018,chhattisgarh
Financial Services,31927,6195179.156999446,3,2018,chhattisgarh
Others,75845,59360083.751690045,3,2018,chhattisgarh
Recharge & bill payments,2438959,554514488.4121984,4,2018,chhattisgarh
Peer-to-peer payments,2342713,8450105299.480802,4,2018,chhattisgarh
Merchant payments,458091,331842964.57864183,4,2018,chhattisgarh
Financial Services,42199,9709810.436343707,4,2018,chhattisgarh
Others,83882,70240102.06349953,4,2018,chhattisgarh
Peer-to-peer payments,4068056,11417366152.38848,1,2019,chhattisgarh
Recharge & bill payments,2997095,679458794.5442779,1,2019,chhattisgarh
Merchant payments,710047,374735986.85082686,1,2019,chhattisgarh
Financial Services,33835,5075418.743007188,1,2019,chhattisgarh
Others,78636,67920032.80184662,1,2019,chhattisgarh
Peer-to-peer payments,4350167,15410038389.818302,2,2019,chhattisgarh
Recharge & bill payments,3435305,855753107.5104681,2,2019,chhattisgarh
Merchant payments,1483870,654411637.0168116,2,2019,chhattisgarh
Financial Services,22563,4237631.55442897,2,2019,chhattisgarh
Others,98040,77914922.92227882,2,2019,chhattisgarh
Peer-to-peer payments,5021844,17584630267.779922,3,2019,chhattisgarh
Recharge & bill payments,4335851,1069468753.7262831,3,2019,chhattisgarh
Merchant payments,2772084,1074255588.7227569,3,2019,chhattisgarh
Financial Services,16452,4542997.939180325,3,2019,chhattisgarh
Others,96880,70361559.28538439,3,2019,chhattisgarh
Peer-to-peer payments,7241974,24112075521.01784,4,2019,chhattisgarh
Recharge & bill payments,5112337,1257371454.8604,4,2019,chhattisgarh
Merchant payments,3852716,1720930747.628561,4,2019,chhattisgarh
Financial Services,14974,4665759.804240476,4,2019,chhattisgarh
Others,83757,48745253.90234077,4,2019,chhattisgarh
Peer-to-peer payments,8109789,28723854868.84692,1,2020,chhattisgarh
Recharge & bill payments,6400067,1688995018.220901,1,2020,chhattisgarh
Merchant payments,4923214,2393811867.388743,1,2020,chhattisgarh
Financial Services,12424,7378557.223060286,1,2020,chhattisgarh
Others,78497,46557359.6766012,1,2020,chhattisgarh
Recharge & bill payments,8366200,2504355746.828547,2,2020,chhattisgarh
Peer-to-peer payments,7216219,27351810047.60871,2,2020,chhattisgarh
Merchant payments,3158417,2361252112.419633,2,2020,chhattisgarh
Financial Services,19986,17814454.60563486,2,2020,chhattisgarh
Others,60103,33149845.43882451,2,2020,chhattisgarh
Peer-to-peer payments,9734445,34661165923.13037,3,2020,chhattisgarh
Recharge & bill payments,8705513,2790720003.137343,3,2020,chhattisgarh
Merchant payments,5591916,3990179454.188004,3,2020,chhattisgarh
Financial Services,34893,39141096.45070238,3,2020,chhattisgarh
Others,81772,45538330.62766186,3,2020,chhattisgarh
Peer-to-peer payments,14257312,50812302052.952705,4,2020,chhattisgarh
Merchant payments,11677743,8238390462.202984,4,2020,chhattisgarh
Recharge & bill payments,9423324,3033918783.2089987,4,2020,chhattisgarh
Financial Services,41308,48082346.06124696,4,2020,chhattisgarh
Others,129949,82280639.52262866,4,2020,chhattisgarh
Peer-to-peer payments,15621154,55638916992.138954,1,2021,chhattisgarh
Merchant payments,15222763,10661449529.109661,1,2021,chhattisgarh
Recharge & bill payments,8456094,3000977538.8405633,1,2021,chhattisgarh
Financial Services,37395,40387648.84021996,1,2021,chhattisgarh
Others,99031,68111552.62215017,1,2021,chhattisgarh
Peer-to-peer payments,18387345,62134058797.4359,2,2021,chhattisgarh
Merchant payments,15369311,12828590761.71342,2,2021,chhattisgarh
Recharge & bill payments,10764784,3640692364.165052,2,2021,chhattisgarh
Financial Services,40213,39620256.36433959,2,2021,chhattisgarh
Others,127767,85809079.54731184,2,2021,chhattisgarh
Merchant payments,27552743,19905616746.80529,3,2021,chhattisgarh
Peer-to-peer payments,25447410,80506858751.32883,3,2021,chhattisgarh
Recharge & bill payments,11039088,4045490947.2382193,3,2021,chhattisgarh
Financial Services,38817,48855662.40142638,3,2021,chhattisgarh
Others,159880,99286155.00295876,3,2021,chhattisgarh
Merchant payments,40526025,29283695601.22954,4,2021,chhattisgarh
Peer-to-peer payments,32799167,102177997315.6828,4,2021,chhattisgarh
Recharge & bill payments,11115444,4724827139.9519415,4,2021,chhattisgarh
Financial Services,55237,66445873.29612084,4,2021,chhattisgarh
Others,221621,146144588.6523692,4,2021,chhattisgarh
Merchant payments,48236094,33822547183.04485,1,2022,chhattisgarh
Peer-to-peer payments,37457039,118393860520.5721,1,2022,chhattisgarh
Recharge & bill payments,11466264,5442872986.10511,1,2022,chhattisgarh
Financial Services,52918,55991695.312008664,1,2022,chhattisgarh
Others,200977,131773069.80038041,1,2022,chhattisgarh
Merchant payments,61093916,41536371583.74904,2,2022,chhattisgarh
Peer-to-peer payments,42532112,133534947239.2497,2,2022,chhattisgarh
Recharge & bill payments,12737942,5949415519.837789,2,2022,chhattisgarh
Financial Services,41530,46037703.16128763,2,2022,chhattisgarh
Others,178548,114905117.7834119,2,2022,chhattisgarh
Merchant payments,84355775,50874051122.373604,3,2022,chhattisgarh
Peer-to-peer payments,57116149,161027214428.2059,3,2022,chhattisgarh
Recharge & bill payments,16538894,8069941553.075293,3,2022,chhattisgarh
Financial Services,55775,61881709.73674864,3,2022,chhattisgarh
Others,185994,128469268.5974063,3,2022,chhattisgarh
Merchant payments,97405954,60247141797.94961,4,2022,chhattisgarh
Peer-to-peer payments,63986789,183672880692.7266,4,2022,chhattisgarh
Recharge & bill payments,16324117,8376603987.152398,4,2022,chhattisgarh
Financial Services,63695,81169069.23462963,4,2022,chhattisgarh
Others,179891,141385263.4082809,4,2022,chhattisgarh
Recharge & bill payments,95544,17526369.5804541,1,2018,dadra-&-nagar-haveli-&-daman-&-diu
Peer-to-peer payments,44599,151966933.2460739,1,2018,dadra-&-nagar-haveli-&-daman-&-diu
Merchant payments,1531,1580762.779739072,1,2018,dadra-&-nagar-haveli-&-daman-&-diu
Financial Services,1364,353171.5523814913,1,2018,dadra-&-nagar-haveli-&-daman-&-diu
Others,5511,4231146.95056825,1,2018,dadra-&-nagar-haveli-&-daman-&-diu
Recharge & bill payments,122834,30595592.00768239,2,2018,dadra-&-nagar-haveli-&-daman-&-diu
Peer-to-peer payments,69215,261995613.0548204,2,2018,dadra-&-nagar-haveli-&-daman-&-diu
Merchant payments,3544,4685536.036433555,2,2018,dadra-&-nagar-haveli-&-daman-&-diu
Financial Services,2996,383806.08546730166,2,2018,dadra-&-nagar-haveli-&-daman-&-diu
Others,4037,4410224.471747881,2,2018,dadra-&-nagar-haveli-&-daman-&-diu
Recharge & bill payments,157113,39790820.29359456,3,2018,dadra-&-nagar-haveli-&-daman-&-diu
Peer-to-peer payments,119346,396698085.41045517,3,2018,dadra-&-nagar-haveli-&-daman-&-diu
Merchant payments,7465,5693604.7441260815,3,2018,dadra-&-nagar-haveli-&-daman-&-diu
Financial Services,1477,297647.89589848556,3,2018,dadra-&-nagar-haveli-&-daman-&-diu
Others,4174,5159437.334100959,3,2018,dadra-&-nagar-haveli-&-daman-&-diu
Peer-to-peer payments,194214,582082154.4115133,4,2018,dadra-&-nagar-haveli-&-daman-&-diu
Recharge & bill payments,185793,49972030.112854846,4,2018,dadra-&-nagar-haveli-&-daman-&-diu
Merchant payments,15739,19577328.03937304,4,2018,dadra-&-nagar-haveli-&-daman-&-diu
Financial Services,2996,371674.6991335743,4,2018,dadra-&-nagar-haveli-&-daman-&-diu
Others,5340,6747429.538011953,4,2018,dadra-&-nagar-haveli-&-daman-&-diu
Peer-to-peer payments,408465,757657638.3173952,1,2019,dadra-&-nagar-haveli-&-daman-&-diu
Recharge & bill payments,225998,62660761.88806932,1,2019,dadra-&-nagar-haveli-&-daman-&-diu
Merchant payments,20694,17043867.88608146,1,2019,dadra-&-nagar-haveli-&-daman-&-diu
Financial Services,1645,221064.6189234741,1,2019,dadra-&-nagar-haveli-&-daman-&-diu
Others,5012,5786443.339431095,1,2019,dadra-&-nagar-haveli-&-daman-&-diu
Peer-to-peer payments,244134,734034142.8087387,2,2019,dadra-&-nagar-haveli-&-daman-&-diu
Recharge & bill payments,198184,63874445.5524188,2,2019,dadra-&-nagar-haveli-&-daman-&-diu
Merchant payments,40781,20816136.241969172,2,2019,dadra-&-nagar-haveli-&-daman-&-diu
Financial Services,748,155149.75618074698,2,2019,dadra-&-nagar-haveli-&-daman-&-diu
Others,5809,5561402.205763446,2,2019,dadra-&-nagar-haveli-&-daman-&-diu
Recharge & bill payments,319142,104597035.07984869,3,2019,dadra-&-nagar-haveli-&-daman-&-diu
Peer-to-peer payments,249944,821178569.0593252,3,2019,dadra-&-nagar-haveli-&-daman-&-diu
Merchant payments,63616,30634658.23749445,3,2019,dadra-&-nagar-haveli-&-daman-&-diu
Financial Services,533,425044.05141368794,3,2019,dadra-&-nagar-haveli-&-daman-&-diu
Others,5516,4636167.420289769,3,2019,dadra-&-nagar-haveli-&-daman-&-diu
Recharge & bill payments,351819,125809568.3505591,4,2019,dadra-&-nagar-haveli-&-daman-&-diu
Peer-to-peer payments,324464,1051976410.547205,4,2019,dadra-&-nagar-haveli-&-daman-&-diu
Merchant payments,86758,45361559.23824883,4,2019,dadra-&-nagar-haveli-&-daman-&-diu
Financial Services,1019,267762.49056630814,4,2019,dadra-&-nagar-haveli-&-daman-&-diu
Others,4911,3225961.384460643,4,2019,dadra-&-nagar-haveli-&-daman-&-diu
Recharge & bill payments,407577,153340696.30393672,1,2020,dadra-&-nagar-haveli-&-daman-&-diu
Peer-to-peer payments,329005,1119439489.500513,1,2020,dadra-&-nagar-haveli-&-daman-&-diu
Merchant payments,137040,66713356.79814301,1,2020,dadra-&-nagar-haveli-&-daman-&-diu
Financial Services,668,418783.1260904173,1,2020,dadra-&-nagar-haveli-&-daman-&-diu
Others,4289,2851043.563834071,1,2020,dadra-&-nagar-haveli-&-daman-&-diu
Recharge & bill payments,525974,178877986.72486582,2,2020,dadra-&-nagar-haveli-&-daman-&-diu
Peer-to-peer payments,323909,1052118443.3664521,2,2020,dadra-&-nagar-haveli-&-daman-&-diu
Merchant payments,118801,68938500.71228051,2,2020,dadra-&-nagar-haveli-&-daman-&-diu
Financial Services,1826,993268.2971840606,2,2020,dadra-&-nagar-haveli-&-daman-&-diu
Others,2642,1448254.787275234,2,2020,dadra-&-nagar-haveli-&-daman-&-diu
Recharge & bill payments,455603,201223380.1868608,3,2020,dadra-&-nagar-haveli-&-daman-&-diu
Peer-to-peer payments,419524,1401020928.231915,3,2020,dadra-&-nagar-haveli-&-daman-&-diu
Merchant payments,257572,143497844.4907236,3,2020,dadra-&-nagar-haveli-&-daman-&-diu
Financial Services,1635,1778864.0123306382,3,2020,dadra-&-nagar-haveli-&-daman-&-diu
Others,3978,2268098.077531771,3,2020,dadra-&-nagar-haveli-&-daman-&-diu
Peer-to-peer payments,666995,2153786522.547576,4,2020,dadra-&-nagar-haveli-&-daman-&-diu
Merchant payments,631443,316510115.8051566,4,2020,dadra-&-nagar-haveli-&-daman-&-diu
Recharge & bill payments,509971,224246669.7783347,4,2020,dadra-&-nagar-haveli-&-daman-&-diu
Financial Services,2453,1683959.5099964456,4,2020,dadra-&-nagar-haveli-&-daman-&-diu
Others,6929,4283833.187441602,4,2020,dadra-&-nagar-haveli-&-daman-&-diu
Peer-to-peer payments,768921,2379220756.223016,1,2021,dadra-&-nagar-haveli-&-daman-&-diu
Merchant payments,705821,367522132.380636,1,2021,dadra-&-nagar-haveli-&-daman-&-diu
Recharge & bill payments,442926,213177144.7320097,1,2021,dadra-&-nagar-haveli-&-daman-&-diu
Financial Services,2243,1930008.9716834244,1,2021,dadra-&-nagar-haveli-&-daman-&-diu
Others,5333,3782868.8861592514,1,2021,dadra-&-nagar-haveli-&-daman-&-diu
Peer-to-peer payments,843550,2512913026.427944,2,2021,dadra-&-nagar-haveli-&-daman-&-diu
Merchant payments,802899,430487473.930562,2,2021,dadra-&-nagar-haveli-&-daman-&-diu
Recharge & bill payments,471136,208762964.01200238,2,2021,dadra-&-nagar-haveli-&-daman-&-diu
Financial Services,1826,1763792.6506419359,2,2021,dadra-&-nagar-haveli-&-daman-&-diu
Others,5672,3741204.3977531465,2,2021,dadra-&-nagar-haveli-&-daman-&-diu
Merchant payments,1312241,706774071.9381688,3,2021,dadra-&-nagar-haveli-&-daman-&-diu
Peer-to-peer payments,1262732,3339347400.064355,3,2021,dadra-&-nagar-haveli-&-daman-&-diu
Recharge & bill payments,544322,253199754.8745275,3,2021,dadra-&-nagar-haveli-&-daman-&-diu
Financial Services,2065,2252116.636459231,3,2021,dadra-&-nagar-haveli-&-daman-&-diu
Others,8110,4365759.277996017,3,2021,dadra-&-nagar-haveli-&-daman-&-diu
Merchant payments,2013673,1058989463.165042,4,2021,dadra-&-nagar-haveli-&-daman-&-diu
Peer-to-peer payments,1577168,4202291071.7106133,4,2021,dadra-&-nagar-haveli-&-daman-&-diu
Recharge & bill payments,551618,294991582.16815025,4,2021,dadra-&-nagar-haveli-&-daman-&-diu
Financial Services,2909,3159306.4175118254,4,2021,dadra-&-nagar-haveli-&-daman-&-diu
Others,11717,6407962.869342193,4,2021,dadra-&-nagar-haveli-&-daman-&-diu
Merchant payments,2507246,1227972829.697026,1,2022,dadra-&-nagar-haveli-&-daman-&-diu
Peer-to-peer payments,1745454,4674787017.541661,1,2022,dadra-&-nagar-haveli-&-daman-&-diu
Recharge & bill payments,538134,326296370.8235702,1,2022,dadra-&-nagar-haveli-&-daman-&-diu
Financial Services,2574,2661345.5534556974,1,2022,dadra-&-nagar-haveli-&-daman-&-diu
Others,9395,5330803.646676767,1,2022,dadra-&-nagar-haveli-&-daman-&-diu
Merchant payments,3346697,1536859131.337481,2,2022,dadra-&-nagar-haveli-&-daman-&-diu
Peer-to-peer payments,1861799,5078832140.606572,2,2022,dadra-&-nagar-haveli-&-daman-&-diu
Recharge & bill payments,539562,372921225.4254243,2,2022,dadra-&-nagar-haveli-&-daman-&-diu
Financial Services,1849,2131607.7226029015,2,2022,dadra-&-nagar-haveli-&-daman-&-diu
Others,9864,4415675.718757721,2,2022,dadra-&-nagar-haveli-&-daman-&-diu
Merchant payments,3777156,1705567002.058646,3,2022,dadra-&-nagar-haveli-&-daman-&-diu
Peer-to-peer payments,2086741,5382949597.510585,3,2022,dadra-&-nagar-haveli-&-daman-&-diu
Recharge & bill payments,592431,425206924.52700937,3,2022,dadra-&-nagar-haveli-&-daman-&-diu
Financial Services,2237,3194409.939898855,3,2022,dadra-&-nagar-haveli-&-daman-&-diu
Others,7056,3729425.46329771,3,2022,dadra-&-nagar-haveli-&-daman-&-diu
Merchant payments,4415771,1889046056.198835,4,2022,dadra-&-nagar-haveli-&-daman-&-diu
Peer-to-peer payments,2215052,5737539058.403507,4,2022,dadra-&-nagar-haveli-&-daman-&-diu
Recharge & bill payments,548795,426040023.1105018,4,2022,dadra-&-nagar-haveli-&-daman-&-diu
Financial Services,2495,3169199.262533775,4,2022,dadra-&-nagar-haveli-&-daman-&-diu
Others,7472,3846409.1057498828,4,2022,dadra-&-nagar-haveli-&-daman-&-diu
Recharge & bill payments,3947297,1320559612.770412,1,2018,delhi
Peer-to-peer payments,2380820,9125685134.894358,1,2018,delhi
Merchant payments,339809,375393115.1913132,1,2018,delhi
Financial Services,136240,45588429.271575734,1,2018,delhi
Others,318588,344277514.7923026,1,2018,delhi
Recharge & bill payments,4511737,2078183615.8006341,2,2018,delhi
Peer-to-peer payments,3542716,14348179103.10983,2,2018,delhi
Merchant payments,837001,631597790.6002588,2,2018,delhi
Financial Services,205991,66584728.19594695,2,2018,delhi
Others,276278,321754664.4984691,2,2018,delhi
Peer-to-peer payments,8557153,22670122888.86821,3,2018,delhi
Recharge & bill payments,5305635,3261844270.537241,3,2018,delhi
Merchant payments,3808395,1048422633.7093569,3,2018,delhi
Financial Services,274526,45051151.351430364,3,2018,delhi
Others,601339,350405916.1523186,3,2018,delhi
Peer-to-peer payments,9973249,32389252494.75772,4,2018,delhi
Merchant payments,9958967,2738429838.9392734,4,2018,delhi
Recharge & bill payments,7483633,3961160542.5700665,4,2018,delhi
Financial Services,265004,58162003.43614492,4,2018,delhi
Others,1506866,575852739.0031942,4,2018,delhi
Peer-to-peer payments,20216287,48250023720.99173,1,2019,delhi
Merchant payments,13875931,3996618719.7994804,1,2019,delhi
Recharge & bill payments,10744978,5521320539.356213,1,2019,delhi
Financial Services,223095,30997039.69755583,1,2019,delhi
Others,1947036,670171769.6522964,1,2019,delhi
Merchant payments,20891431,6816878922.844399,2,2019,delhi
Peer-to-peer payments,20570311,65953571241.26435,2,2019,delhi
Recharge & bill payments,12869453,8035701902.391765,2,2019,delhi
Financial Services,137774,33985068.68378611,2,2019,delhi
Others,2702543,866678928.4439986,2,2019,delhi
Merchant payments,29453368,9857221391.940361,3,2019,delhi
Peer-to-peer payments,25201978,81904443496.29779,3,2019,delhi
Recharge & bill payments,11133404,10406524192.884481,3,2019,delhi
Financial Services,92061,27952186.986432,3,2019,delhi
Others,3657065,1000670778.347806,3,2019,delhi
Peer-to-peer payments,33040093,105858524152.3844,4,2019,delhi
Merchant payments,32537378,12864577363.07057,4,2019,delhi
Recharge & bill payments,11609898,9500486080.988451,4,2019,delhi
Financial Services,57063,21512527.97398922,4,2019,delhi
Others,3500565,779367300.4732571,4,2019,delhi
Merchant payments,33951545,14470782771.05468,1,2020,delhi
Peer-to-peer payments,32410795,108987600006.3667,1,2020,delhi
Recharge & bill payments,12822919,9498791147.929193,1,2020,delhi
Financial Services,46529,39908838.24852887,1,2020,delhi
Others,2515816,619460878.9909674,1,2020,delhi
Peer-to-peer payments,27155938,86227124454.10175,2,2020,delhi
Merchant payments,24963931,12708327043.86833,2,2020,delhi
Recharge & bill payments,13568505,8699886044.040596,2,2020,delhi
Financial Services,64790,75405868.16164647,2,2020,delhi
Others,288854,162694793.1586959,2,2020,delhi
Peer-to-peer payments,41498638,140074023548.1563,3,2020,delhi
Merchant payments,40973792,21858176583.0589,3,2020,delhi
Recharge & bill payments,13448341,12883226305.336542,3,2020,delhi
Financial Services,85689,114341865.26457219,3,2020,delhi
Others,485401,234194502.84422824,3,2020,delhi
Merchant payments,54581166,31106554562.7951,4,2020,delhi
Peer-to-peer payments,49631928,171546055992.1488,4,2020,delhi
Recharge & bill payments,14862946,12921793576.576849,4,2020,delhi
Financial Services,114862,160007919.76894262,4,2020,delhi
Others,1349515,530676173.2537967,4,2020,delhi
Merchant payments,72615587,39861532639.01234,1,2021,delhi
Peer-to-peer payments,61957428,210823551741.4093,1,2021,delhi
Recharge & bill payments,21164274,15447408658.77873,1,2021,delhi
Financial Services,153039,203106852.42387852,1,2021,delhi
Others,1468676,592745151.8683048,1,2021,delhi
Merchant payments,75620295,42933366743.23575,2,2021,delhi
Peer-to-peer payments,68497718,223034955527.7531,2,2021,delhi
Recharge & bill payments,25026678,15310096462.74644,2,2021,delhi
Financial Services,158170,190019761.4974139,2,2021,delhi
Others,854403,472659189.3086124,2,2021,delhi
Merchant payments,115250887,64006915630.532616,3,2021,delhi
Peer-to-peer payments,93292876,298005532606.47,3,2021,delhi
Recharge & bill payments,28427032,20934734871.90896,3,2021,delhi
Financial Services,144460,220660990.2206633,3,2021,delhi
Others,1645353,690472449.1489255,3,2021,delhi
Merchant payments,149204611,88990516304.07437,4,2021,delhi
Peer-to-peer payments,112380292,376556972334.1598,4,2021,delhi
Recharge & bill payments,30127352,22290161823.248642,4,2021,delhi
Financial Services,199280,287950130.2492174,4,2021,delhi
Others,771824,569713470.6592032,4,2021,delhi
Merchant payments,174454937,98212381475.57239,1,2022,delhi
Peer-to-peer payments,125111881,415305045689.30945,1,2022,delhi
Recharge & bill payments,29435981,22482865572.90493,1,2022,delhi
Financial Services,195184,271039329.10874933,1,2022,delhi
Others,1801878,693588769.393249,1,2022,delhi
Merchant payments,233412802,121657706565.0125,2,2022,delhi
Peer-to-peer payments,143447534,480685895058.7076,2,2022,delhi
Recharge & bill payments,32971294,26876059610.02211,2,2022,delhi
Financial Services,160827,209425798.8201316,2,2022,delhi
Others,641727,426563425.65446466,2,2022,delhi
Merchant payments,276635347,134292748569.0627,3,2022,delhi
Peer-to-peer payments,160580425,509428627035.33856,3,2022,delhi
Recharge & bill payments,37572389,33177115465.46472,3,2022,delhi
Financial Services,195218,265479580.4156591,3,2022,delhi
Others,608782,448676465.83468235,3,2022,delhi
Merchant payments,305621913,153114813286.2442,4,2022,delhi
Peer-to-peer payments,171970100,559069397370.8649,4,2022,delhi
Recharge & bill payments,36775874,31954251758.092308,4,2022,delhi
Financial Services,228639,299454652.7780056,4,2022,delhi
Others,606931,477098950.5964618,4,2022,delhi
Recharge & bill payments,85991,18273814.16270872,1,2018,goa
Peer-to-peer payments,59651,268175048.0699297,1,2018,goa
Merchant payments,7880,11036031.73565796,1,2018,goa
Financial Services,1191,520105.642400422,1,2018,goa
Others,6184,5851742.732386975,1,2018,goa
Recharge & bill payments,120943,30994284.170441043,2,2018,goa
Peer-to-peer payments,87878,419492232.5241037,2,2018,goa
Merchant payments,12456,20162855.70611957,2,2018,goa
Financial Services,1903,733429.427283199,2,2018,goa
Others,6395,7221023.530667527,2,2018,goa
Recharge & bill payments,158797,40314972.942088366,3,2018,goa
Peer-to-peer payments,150297,639468418.1317002,3,2018,goa
Merchant payments,21587,26634198.178851012,3,2018,goa
Financial Services,1867,468171.36483984883,3,2018,goa
Others,6963,6281208.620754639,3,2018,goa
Peer-to-peer payments,246426,1021902315.442675,4,2018,goa
Recharge & bill payments,212122,54832855.89468471,4,2018,goa
Merchant payments,45586,66666113.92145965,4,2018,goa
Financial Services,2523,723599.2328183289,4,2018,goa
Others,8098,8880194.430766659,4,2018,goa
Peer-to-peer payments,378848,1310759847.8146641,1,2019,goa
Recharge & bill payments,275277,78212835.0406034,1,2019,goa
Merchant payments,74527,75946974.41483101,1,2019,goa
Financial Services,2013,499592.0966860995,1,2019,goa
Others,8147,9904147.90979165,1,2019,goa
Peer-to-peer payments,373759,1391933790.754776,2,2019,goa
Recharge & bill payments,278060,93218689.41694948,2,2019,goa
Merchant payments,104592,92873008.6474504,2,2019,goa
Financial Services,1211,515859.8076807977,2,2019,goa
Others,10819,13325754.760758922,2,2019,goa
Peer-to-peer payments,475178,1704668027.015978,3,2019,goa
Recharge & bill payments,453806,157952854.9501171,3,2019,goa
Merchant payments,150578,123948570.5685749,3,2019,goa
Financial Services,1510,1282344.8444824044,3,2019,goa
Others,11344,12515394.11768832,3,2019,goa
Peer-to-peer payments,698728,2484453030.3184505,4,2019,goa
Recharge & bill payments,552421,205602115.1462514,4,2019,goa
Merchant payments,250893,218404664.86385107,4,2019,goa
Financial Services,1497,649712.8451498008,4,2019,goa
Others,11733,14350825.32576531,4,2019,goa
Peer-to-peer payments,817198,2851686768.653684,1,2020,goa
Recharge & bill payments,678079,244739382.20701852,1,2020,goa
Merchant payments,373110,298421548.1046571,1,2020,goa
Financial Services,1762,1816477.5692472362,1,2020,goa
Others,11088,13707055.38915557,1,2020,goa
Recharge & bill payments,758617,241196540.93798912,2,2020,goa
Peer-to-peer payments,493326,1766723888.202512,2,2020,goa
Merchant payments,221358,168591711.9469356,2,2020,goa
Financial Services,3081,3328361.317987765,2,2020,goa
Others,5710,3775927.611346662,2,2020,goa
Peer-to-peer payments,759351,2723430713.344406,3,2020,goa
Recharge & bill payments,696770,280187505.0339355,3,2020,goa
Merchant payments,446880,353193881.4783259,3,2020,goa
Financial Services,4985,6418950.466847964,3,2020,goa
Others,7545,5112530.621144422,3,2020,goa
Peer-to-peer payments,1550251,5407626413.043345,4,2020,goa
Merchant payments,1389834,1123844212.517181,4,2020,goa
Recharge & bill payments,839199,345088772.3784919,4,2020,goa
Financial Services,7287,10386560.38667797,4,2020,goa
Others,14810,12846789.254236259,4,2020,goa
Peer-to-peer payments,2235456,7553384653.1682,1,2021,goa
Merchant payments,2195509,1768358976.7158573,1,2021,goa
Recharge & bill payments,880682,410604192.7268899,1,2021,goa
Financial Services,8138,12207778.14863873,1,2021,goa
Others,11764,12687278.26183929,1,2021,goa
Merchant payments,1869384,1411529033.665019,2,2021,goa
Peer-to-peer payments,1866837,6195032351.177256,2,2021,goa
Recharge & bill payments,953219,383804809.3560881,2,2021,goa
Financial Services,8303,12371843.844825162,2,2021,goa
Others,12392,10115549.032816991,2,2021,goa
Merchant payments,2865625,2143135314.8979309,3,2021,goa
Peer-to-peer payments,2560305,7871092673.137299,3,2021,goa
Recharge & bill payments,1017351,438838003.2298236,3,2021,goa
Financial Services,8337,12943224.073821459,3,2021,goa
Others,16145,12416377.59749352,3,2021,goa
Merchant payments,5474662,4384250602.937037,4,2021,goa
Peer-to-peer payments,4408822,13618351952.66609,4,2021,goa
Recharge & bill payments,1170180,585734312.4063727,4,2021,goa
Financial Services,11320,17101084.66037453,4,2021,goa
Others,23775,21819163.1997744,4,2021,goa
Merchant payments,6364271,4682000388.389215,1,2022,goa
Peer-to-peer payments,4640380,14449830641.55571,1,2022,goa
Recharge & bill payments,1177071,646403472.1135541,1,2022,goa
Financial Services,11677,17490493.19245399,1,2022,goa
Others,20699,20720407.59517404,1,2022,goa
Merchant payments,7812998,5736211013.6866455,2,2022,goa
Peer-to-peer payments,5097942,16372343177.228302,2,2022,goa
Recharge & bill payments,1279377,738765635.2807853,2,2022,goa
Financial Services,10666,13192736.02810038,2,2022,goa
Others,15071,12525197.296362748,2,2022,goa
Merchant payments,7595135,5112175255.359402,3,2022,goa
Peer-to-peer payments,4449008,13780955270.35272,3,2022,goa
Recharge & bill payments,1122869,657115143.5357426,3,2022,goa
Financial Services,9992,12650738.42084387,3,2022,goa
Others,11683,11368868.03761505,3,2022,goa
Merchant payments,10319138,6739205748.43176,4,2022,goa
Peer-to-peer payments,5652373,17421974714.96234,4,2022,goa
Recharge & bill payments,1195865,734121700.6400626,4,2022,goa
Financial Services,12147,15705663.12696776,4,2022,goa
Others,13151,13978544.17801686,4,2022,goa
Recharge & bill payments,3691952,878929080.9916563,1,2018,gujarat
Peer-to-peer payments,1738974,6318864759.888066,1,2018,gujarat
Merchant payments,145436,166036667.5708913,1,2018,gujarat
Financial Services,122117,27986679.00971316,1,2018,gujarat
Others,250296,186165067.57372183,1,2018,gujarat
Recharge & bill payments,4643367,1571880396.377953,2,2018,gujarat
Peer-to-peer payments,2483231,10009680530.386879,2,2018,gujarat
Merchant payments,275503,356984574.1205573,2,2018,gujarat
Financial Services,140704,38598263.22838031,2,2018,gujarat
Others,202928,185541007.527258,2,2018,gujarat
Peer-to-peer payments,5287200,15272745137.7593,3,2018,gujarat
Recharge & bill payments,5117168,1938041688.967853,3,2018,gujarat
Merchant payments,573440,466209496.8015111,3,2018,gujarat
Financial Services,136468,24930605.60733972,3,2018,gujarat
Others,219873,164477497.1394802,3,2018,gujarat
Peer-to-peer payments,6488202,21207285184.78019,4,2018,gujarat
Recharge & bill payments,6138404,2297332323.0815268,4,2018,gujarat
Merchant payments,1656377,1088373316.058025,4,2018,gujarat
Financial Services,133915,30699273.16507,4,2018,gujarat
Others,316405,207297005.697784,4,2018,gujarat
Peer-to-peer payments,13465044,31231285551.30865,1,2019,gujarat
Recharge & bill payments,8595256,3104251732.6516943,1,2019,gujarat
Merchant payments,2493340,1296376125.1752782,1,2019,gujarat
Financial Services,114539,19581520.56940021,1,2019,gujarat
Others,323272,204585378.77191532,1,2019,gujarat
Peer-to-peer payments,12547493,41853661230.46584,2,2019,gujarat
Recharge & bill payments,10434449,4651874823.428602,2,2019,gujarat
Merchant payments,5486791,2526448415.35857,2,2019,gujarat
Financial Services,70502,17349813.389733132,2,2019,gujarat
Others,442607,271280936.6247084,2,2019,gujarat
Peer-to-peer payments,14529353,49206585462.018684,3,2019,gujarat
Merchant payments,11788077,4211116461.291188,3,2019,gujarat
Recharge & bill payments,11349625,5768100024.478059,3,2019,gujarat
Financial Services,78609,20507001.233050566,3,2019,gujarat
Others,482985,256386015.2468171,3,2019,gujarat
Peer-to-peer payments,19107911,64477452638.7778,4,2019,gujarat
Recharge & bill payments,12967713,6517891166.722656,4,2019,gujarat
Merchant payments,9964076,5480269119.720947,4,2019,gujarat
Financial Services,63498,20202767.264147878,4,2019,gujarat
Others,444434,194846362.42851493,4,2019,gujarat
Peer-to-peer payments,19068093,72393727235.07784,1,2020,gujarat
Recharge & bill payments,15648472,7197595156.690899,1,2020,gujarat
Merchant payments,12191478,7210758662.281933,1,2020,gujarat
Financial Services,50753,27460255.45966168,1,2020,gujarat
Others,367621,165535312.3927878,1,2020,gujarat
Recharge & bill payments,19971660,8322688556.9900055,2,2020,gujarat
Peer-to-peer payments,17569398,64723140394.229126,2,2020,gujarat
Merchant payments,9645967,7196610931.561442,2,2020,gujarat
Financial Services,59617,53132341.30500819,2,2020,gujarat
Others,173543,92274135.40504411,2,2020,gujarat
Peer-to-peer payments,23130724,89142122337.25531,3,2020,gujarat
Merchant payments,18338969,12749796641.7854,3,2020,gujarat
Recharge & bill payments,17481357,9820654243.808819,3,2020,gujarat
Financial Services,92278,84723188.62104334,3,2020,gujarat
Others,246851,124456073.2416335,3,2020,gujarat
Peer-to-peer payments,29967258,116743230330.362,4,2020,gujarat
Merchant payments,28430460,20844321156.65293,4,2020,gujarat
Recharge & bill payments,18943669,10441981826.08086,4,2020,gujarat
Financial Services,113371,120056733.88652492,4,2020,gujarat
Others,373789,243470065.4568177,4,2020,gujarat
Peer-to-peer payments,36427493,144818968373.0293,1,2021,gujarat
Merchant payments,35815382,26512643894.00317,1,2021,gujarat
Recharge & bill payments,22088838,11996115292.37784,1,2021,gujarat
Financial Services,126380,137612317.73580322,1,2021,gujarat
Others,316472,235440836.3042438,1,2021,gujarat
Merchant payments,42593432,33542305033.8295,2,2021,gujarat
Peer-to-peer payments,41642387,162483567902.3019,2,2021,gujarat
Recharge & bill payments,27127405,13750783181.944221,2,2021,gujarat
Financial Services,128647,136119996.7022825,2,2021,gujarat
Others,349525,249278437.3391409,2,2021,gujarat
Merchant payments,62934471,48197579736.51646,3,2021,gujarat
Peer-to-peer payments,56134212,208013326600.62402,3,2021,gujarat
Recharge & bill payments,29580901,15945997372.05868,3,2021,gujarat
Financial Services,125167,163304131.14365232,3,2021,gujarat
Others,473656,304418273.2454592,3,2021,gujarat
Merchant payments,84846502,68717933161.8696,4,2021,gujarat
Peer-to-peer payments,67301686,254338740726.63602,4,2021,gujarat
Recharge & bill payments,30072479,18739034341.66239,4,2021,gujarat
Financial Services,175393,209214620.7057898,4,2021,gujarat
Others,591265,377657202.7539646,4,2021,gujarat
Merchant payments,101648378,79563412221.78397,1,2022,gujarat
Peer-to-peer payments,77768758,292439274688.3083,1,2022,gujarat
Recharge & bill payments,30473298,20042066374.66357,1,2022,gujarat
Financial Services,160423,187077879.3846649,1,2022,gujarat
Others,496289,316261089.40738213,1,2022,gujarat
Merchant payments,131610193,95585623258.23605,2,2022,gujarat
Peer-to-peer payments,86423696,326945780476.5976,2,2022,gujarat
Recharge & bill payments,33424931,23844933238.40894,2,2022,gujarat
Financial Services,125180,142685436.4192669,2,2022,gujarat
Others,468796,278978567.18363523,2,2022,gujarat
Merchant payments,161264265,109018764232.9939,3,2022,gujarat
Peer-to-peer payments,103034790,359338045092.0105,3,2022,gujarat
Recharge & bill payments,38383683,28649040040.50214,3,2022,gujarat
Financial Services,152053,162173602.8459629,3,2022,gujarat
Others,404941,269479241.0969004,3,2022,gujarat
Merchant payments,186533503,125585214989.03001,4,2022,gujarat
Peer-to-peer payments,114868478,411053364214.2685,4,2022,gujarat
Recharge & bill payments,39167297,30789927498.95329,4,2022,gujarat
Financial Services,179101,194314203.0080444,4,2022,gujarat
Others,407639,295484431.27800745,4,2022,gujarat
Recharge & bill payments,2368002,535578755.0794511,1,2018,haryana
Peer-to-peer payments,1607193,5814807510.68666,1,2018,haryana
Merchant payments,167816,173513595.3537558,1,2018,haryana
Financial Services,128636,27501068.014126312,1,2018,haryana
Others,209123,242110585.52640373,1,2018,haryana
Recharge & bill payments,3054284,984897276.6519809,2,2018,haryana
Peer-to-peer payments,2388953,9745924809.851494,2,2018,haryana
Merchant payments,369916,334118261.4534411,2,2018,haryana
Financial Services,167570,38145882.441803865,2,2018,haryana
Others,170208,217328211.71769938,2,2018,haryana
Peer-to-peer payments,3753981,14429454356.345781,3,2018,haryana
Recharge & bill payments,3203386,1310467515.0605881,3,2018,haryana
Merchant payments,1003057,427387637.93353707,3,2018,haryana
Financial Services,100452,17323790.814170152,3,2018,haryana
Others,201148,190505707.4736181,3,2018,haryana
Peer-to-peer payments,5905032,22416919746.938683,4,2018,haryana
Recharge & bill payments,4116262,1671040703.731761,4,2018,haryana
Merchant payments,2413446,1013407379.896309,4,2018,haryana
Financial Services,120711,22252543.62175617,4,2018,haryana
Others,394732,267255642.2674202,4,2018,haryana
Peer-to-peer payments,12622225,30283578836.61907,1,2019,haryana
Recharge & bill payments,5576577,2202061874.5361753,1,2019,haryana
Merchant payments,3361995,1292375556.3150861,1,2019,haryana
Financial Services,101786,15201736.002431491,1,2019,haryana
Others,473192,258437718.15887582,1,2019,haryana
Peer-to-peer payments,10387562,37056084813.57578,2,2019,haryana
Recharge & bill payments,5902923,2838724048.08961,2,2019,haryana
Merchant payments,5738283,2292901816.143204,2,2019,haryana
Financial Services,57488,12080285.227121709,2,2019,haryana
Others,655560,301748850.18049383,2,2019,haryana
Peer-to-peer payments,11775288,43738290119.9285,3,2019,haryana
Merchant payments,9386779,3615636827.8118157,3,2019,haryana
Recharge & bill payments,8289987,4817098564.823641,3,2019,haryana
Financial Services,61503,16715100.88021799,3,2019,haryana
Others,829974,301378585.9978597,3,2019,haryana
Peer-to-peer payments,15729819,58242027266.14443,4,2019,haryana
Merchant payments,11615667,5253780278.236425,4,2019,haryana
Recharge & bill payments,9648003,5637358525.756194,4,2019,haryana
Financial Services,41688,13756049.144287622,4,2019,haryana
Others,790808,212797749.81994918,4,2019,haryana
Peer-to-peer payments,17728235,68367245528.07149,1,2020,haryana
Merchant payments,14327020,7075196609.224877,1,2020,haryana
Recharge & bill payments,11346112,6331682016.516322,1,2020,haryana
Financial Services,34488,25266730.1883267,1,2020,haryana
Others,600232,176823674.24305552,1,2020,haryana
Peer-to-peer payments,17334369,66645492690.67839,2,2020,haryana
Recharge & bill payments,12740328,6547618491.532405,2,2020,haryana
Merchant payments,11527654,7393393677.758501,2,2020,haryana
Financial Services,48759,49209527.29146182,2,2020,haryana
Others,129940,75550536.67993587,2,2020,haryana
Peer-to-peer payments,24123449,88796356487.11024,3,2020,haryana
Merchant payments,20845136,12141560866.98217,3,2020,haryana
Recharge & bill payments,12716319,8452802892.504496,3,2020,haryana
Financial Services,66457,80854296.9304013,3,2020,haryana
Others,186818,96375902.20346308,3,2020,haryana
Merchant payments,34063692,21382305452.06797,4,2020,haryana
Peer-to-peer payments,33920789,128613933346.855,4,2020,haryana
Recharge & bill payments,14682896,9675471300.731653,4,2020,haryana
Financial Services,84881,103265693.75364481,4,2020,haryana
Others,419181,223528573.1334415,4,2020,haryana
Merchant payments,39363588,23389100227.155342,1,2021,haryana
Peer-to-peer payments,36764622,135970636784.61829,1,2021,haryana
Recharge & bill payments,13680353,9260346909.440674,1,2021,haryana
Financial Services,79784,99672809.9922822,1,2021,haryana
Others,364437,218544351.2217209,1,2021,haryana
Merchant payments,45335533,29119078263.95798,2,2021,haryana
Peer-to-peer payments,44086559,161073685336.6668,2,2021,haryana
Recharge & bill payments,15861047,9839496894.971409,2,2021,haryana
Financial Services,85821,97238136.0951769,2,2021,haryana
Others,311896,227855606.99266592,2,2021,haryana
Merchant payments,66885213,40190922826.606285,3,2021,haryana
Peer-to-peer payments,55929958,188548678300.52472,3,2021,haryana
Recharge & bill payments,17087955,11681457468.964508,3,2021,haryana
Financial Services,77496,116592181.4699727,3,2021,haryana
Others,479071,289441481.64370304,3,2021,haryana
Merchant payments,84993587,56325102920.50671,4,2021,haryana
Peer-to-peer payments,66548306,238638993818.0959,4,2021,haryana
Recharge & bill payments,17632752,13817258646.066359,4,2021,haryana
Financial Services,105050,151421306.61683062,4,2021,haryana
Others,407280,307822609.1747935,4,2021,haryana
Merchant payments,98346418,62565728158.2885,1,2022,haryana
Peer-to-peer payments,74499889,263547240999.6833,1,2022,haryana
Recharge & bill payments,18494827,14765350795.965681,1,2022,haryana
Financial Services,107240,146586164.62792292,1,2022,haryana
Others,540235,279136534.2116163,1,2022,haryana
Merchant payments,130033573,76926347115.76375,2,2022,haryana
Peer-to-peer payments,84219451,300504797205.2718,2,2022,haryana
Recharge & bill payments,20011709,17457331653.44523,2,2022,haryana
Financial Services,89805,120610061.52845359,2,2022,haryana
Others,345424,224949213.49711913,2,2022,haryana
Merchant payments,151278013,87063736519.87311,3,2022,haryana
Peer-to-peer payments,95071203,319374569105.9015,3,2022,haryana
Recharge & bill payments,22592966,21247984018.68209,3,2022,haryana
Financial Services,111032,144937203.2864578,3,2022,haryana
Others,308596,223267730.28329998,3,2022,haryana
Merchant payments,169685872,102918159834.12408,4,2022,haryana
Peer-to-peer payments,102993798,364514204185.1917,4,2022,haryana
Recharge & bill payments,23545059,22666085169.84729,4,2022,haryana
Financial Services,118488,152488074.9943577,4,2022,haryana
Others,305148,239722615.94605044,4,2022,haryana
Recharge & bill payments,284371,49871175.826074265,1,2018,himachal-pradesh
Peer-to-peer payments,154572,546222027.4835303,1,2018,himachal-pradesh
Merchant payments,13241,13851230.834952451,1,2018,himachal-pradesh
Financial Services,8955,2040522.724771278,1,2018,himachal-pradesh
Others,20779,16752849.50300953,1,2018,himachal-pradesh
Recharge & bill payments,385642,83714322.414042,2,2018,himachal-pradesh
Peer-to-peer payments,243436,1043702964.1513069,2,2018,himachal-pradesh
Merchant payments,27851,31961300.88276595,2,2018,himachal-pradesh
Financial Services,11330,4108919.3075577794,2,2018,himachal-pradesh
Others,19436,19681794.595446683,2,2018,himachal-pradesh
Recharge & bill payments,457449,108456077.51862909,3,2018,himachal-pradesh
Peer-to-peer payments,362755,1596570994.9854271,3,2018,himachal-pradesh
Merchant payments,40675,31168155.22193054,3,2018,himachal-pradesh
Financial Services,8182,1552275.0537747287,3,2018,himachal-pradesh
Others,17693,16293930.078267328,3,2018,himachal-pradesh
Recharge & bill payments,598325,143031082.44320172,4,2018,himachal-pradesh
Peer-to-peer payments,590518,2367228879.446262,4,2018,himachal-pradesh
Merchant payments,86963,87575811.80014335,4,2018,himachal-pradesh
Financial Services,11834,2283052.790977265,4,2018,himachal-pradesh
Others,20243,21180141.658664484,4,2018,himachal-pradesh
Peer-to-peer payments,1178280,3066233587.9236503,1,2019,himachal-pradesh
Recharge & bill payments,844570,209521987.03977022,1,2019,himachal-pradesh
Merchant payments,115553,86624660.31120431,1,2019,himachal-pradesh
Financial Services,9585,1424229.9989233727,1,2019,himachal-pradesh
Others,20730,17676977.71750367,1,2019,himachal-pradesh
Peer-to-peer payments,1141873,4428007670.958708,2,2019,himachal-pradesh
Recharge & bill payments,1076793,279864579.9756226,2,2019,himachal-pradesh
Merchant payments,248517,141088575.8726466,2,2019,himachal-pradesh
Financial Services,5013,1453651.5352588107,2,2019,himachal-pradesh
Others,30110,25469495.26836324,2,2019,himachal-pradesh
Recharge & bill payments,1212659,327570066.9967147,3,2019,himachal-pradesh
Peer-to-peer payments,1181680,5039276845.295213,3,2019,himachal-pradesh
Merchant payments,312575,182746198.1643005,3,2019,himachal-pradesh
Financial Services,3096,1775673.9713265826,3,2019,himachal-pradesh
Others,25170,20649996.69578039,3,2019,himachal-pradesh
Peer-to-peer payments,1579582,6533855301.069828,4,2019,himachal-pradesh
Recharge & bill payments,1442940,402619114.99428564,4,2019,himachal-pradesh
Merchant payments,467309,314965060.6352696,4,2019,himachal-pradesh
Financial Services,4576,1769641.9665086274,4,2019,himachal-pradesh
Others,22239,17954418.58229015,4,2019,himachal-pradesh
Recharge & bill payments,1815157,542356756.9678606,1,2020,himachal-pradesh
Peer-to-peer payments,1594806,6431826925.118802,1,2020,himachal-pradesh
Merchant payments,711018,427497010.1043982,1,2020,himachal-pradesh
Financial Services,4711,3172303.6900622216,1,2020,himachal-pradesh
Others,18788,14613755.24156387,1,2020,himachal-pradesh
Recharge & bill payments,2558935,802231470.1628922,2,2020,himachal-pradesh
Peer-to-peer payments,1544488,6738488218.640328,2,2020,himachal-pradesh
Merchant payments,570031,479165630.61021036,2,2020,himachal-pradesh
Financial Services,7634,7359757.737539303,2,2020,himachal-pradesh
Others,14642,9659685.392965626,2,2020,himachal-pradesh
Recharge & bill payments,2416395,834567922.2742615,3,2020,himachal-pradesh
Peer-to-peer payments,1954492,8806586536.659174,3,2020,himachal-pradesh
Merchant payments,1090445,851539467.337558,3,2020,himachal-pradesh
Financial Services,9543,11391079.28873657,3,2020,himachal-pradesh
Others,19001,11969008.52725204,3,2020,himachal-pradesh
Recharge & bill payments,2638030,936305777.7250879,4,2020,himachal-pradesh
Peer-to-peer payments,2594659,11426268857.22963,4,2020,himachal-pradesh
Merchant payments,2001259,1589433440.268409,4,2020,himachal-pradesh
Financial Services,11353,15534252.217986539,4,2020,himachal-pradesh
Others,27027,21510781.37178286,4,2020,himachal-pradesh
Peer-to-peer payments,2845733,11358078843.5727,1,2021,himachal-pradesh
Recharge & bill payments,2547359,948929031.6443391,1,2021,himachal-pradesh
Merchant payments,2186946,1778219850.8347862,1,2021,himachal-pradesh
Financial Services,12561,16554205.50442734,1,2021,himachal-pradesh
Others,21430,18764977.93127317,1,2021,himachal-pradesh
Peer-to-peer payments,3340531,13035543546.66397,2,2021,himachal-pradesh
Recharge & bill payments,3216602,1045789841.9162079,2,2021,himachal-pradesh
Merchant payments,2883209,2378084375.199477,2,2021,himachal-pradesh
Financial Services,14642,16428390.623736272,2,2021,himachal-pradesh
Others,28918,19788385.405835293,2,2021,himachal-pradesh
Peer-to-peer payments,4455153,16560383923.20486,3,2021,himachal-pradesh
Merchant payments,4198808,3524434949.634083,3,2021,himachal-pradesh
Recharge & bill payments,3359406,1178802736.5280352,3,2021,himachal-pradesh
Financial Services,14497,22805774.60035712,3,2021,himachal-pradesh
Others,36303,23834687.160697922,3,2021,himachal-pradesh
Merchant payments,6062931,5228613146.743451,4,2021,himachal-pradesh
Peer-to-peer payments,5323397,19568394324.5848,4,2021,himachal-pradesh
Recharge & bill payments,3211367,1278824361.837138,4,2021,himachal-pradesh
Financial Services,18198,24809740.714031782,4,2021,himachal-pradesh
Others,50971,35578926.74639452,4,2021,himachal-pradesh
Merchant payments,7030946,5558905677.966259,1,2022,himachal-pradesh
Peer-to-peer payments,5718936,19473276901.33196,1,2022,himachal-pradesh
Recharge & bill payments,3271665,1429960686.766947,1,2022,himachal-pradesh
Financial Services,19314,24442138.153999712,1,2022,himachal-pradesh
Others,47319,31862035.7136404,1,2022,himachal-pradesh
Merchant payments,10591420,7697399368.08964,2,2022,himachal-pradesh
Peer-to-peer payments,7109948,24407668318.014187,2,2022,himachal-pradesh
Recharge & bill payments,3520538,1553155243.3951051,2,2022,himachal-pradesh
Financial Services,16901,20627276.079190243,2,2022,himachal-pradesh
Others,52564,30257752.66416522,2,2022,himachal-pradesh
Merchant payments,12686960,8511266152.669347,3,2022,himachal-pradesh
Peer-to-peer payments,8330778,27039659316.468132,3,2022,himachal-pradesh
Recharge & bill payments,4083168,1780405740.394115,3,2022,himachal-pradesh
Financial Services,21293,22686931.87064045,3,2022,himachal-pradesh
Others,42669,26764547.13816883,3,2022,himachal-pradesh
Merchant payments,15297492,10280295883.65635,4,2022,himachal-pradesh
Peer-to-peer payments,9284824,29629346091.977352,4,2022,himachal-pradesh
Recharge & bill payments,3907023,1810538524.3215191,4,2022,himachal-pradesh
Financial Services,24342,31775337.43636562,4,2022,himachal-pradesh
Others,41455,27387394.98209099,4,2022,himachal-pradesh
Recharge & bill payments,457813,78812610.35129012,1,2018,jammu-&-kashmir
Peer-to-peer payments,353621,861670157.9310012,1,2018,jammu-&-kashmir
Financial Services,65683,10269382.6199755,1,2018,jammu-&-kashmir
Merchant payments,28696,30967525.638810232,1,2018,jammu-&-kashmir
Others,35755,23651562.71504996,1,2018,jammu-&-kashmir
Recharge & bill payments,794502,166762242.9171875,2,2018,jammu-&-kashmir
Peer-to-peer payments,771844,2372961687.553617,2,2018,jammu-&-kashmir
Financial Services,112422,15636116.81386063,2,2018,jammu-&-kashmir
Merchant payments,79248,64454257.5252622,2,2018,jammu-&-kashmir
Others,38310,31391931.69294626,2,2018,jammu-&-kashmir
Peer-to-peer payments,1260453,3616022745.564584,3,2018,jammu-&-kashmir
Recharge & bill payments,822143,203079955.34644002,3,2018,jammu-&-kashmir
Merchant payments,140076,82826475.18797052,3,2018,jammu-&-kashmir
Financial Services,44464,6397888.3546260595,3,2018,jammu-&-kashmir
Others,36825,26373935.004048537,3,2018,jammu-&-kashmir
Peer-to-peer payments,1265457,5151829745.262983,4,2018,jammu-&-kashmir
Recharge & bill payments,970724,254473764.0023316,4,2018,jammu-&-kashmir
Merchant payments,402303,215771001.5429565,4,2018,jammu-&-kashmir
Financial Services,33775,6072177.152358056,4,2018,jammu-&-kashmir
Others,49051,36573577.73688933,4,2018,jammu-&-kashmir
Peer-to-peer payments,1913720,5414709531.836735,1,2019,jammu-&-kashmir
Recharge & bill payments,1131953,302663112.8884805,1,2019,jammu-&-kashmir
Merchant payments,452379,199219534.93760532,1,2019,jammu-&-kashmir
Financial Services,43247,4593545.201922052,1,2019,jammu-&-kashmir
Others,43688,30649751.656273108,1,2019,jammu-&-kashmir
Peer-to-peer payments,1180781,5666318253.462076,2,2019,jammu-&-kashmir
Recharge & bill payments,706569,215937468.94414753,2,2019,jammu-&-kashmir
Merchant payments,353678,188931529.48823643,2,2019,jammu-&-kashmir
Financial Services,22663,2652961.353697454,2,2019,jammu-&-kashmir
Others,32664,26301988.315348372,2,2019,jammu-&-kashmir
Peer-to-peer payments,618694,3499425217.958209,3,2019,jammu-&-kashmir
Recharge & bill payments,318061,111964437.03321171,3,2019,jammu-&-kashmir
Merchant payments,165115,120736230.0888475,3,2019,jammu-&-kashmir
Financial Services,2895,658515.8825482852,3,2019,jammu-&-kashmir
Others,11761,11446090.81965122,3,2019,jammu-&-kashmir
Peer-to-peer payments,310620,1799955855.971491,4,2019,jammu-&-kashmir
Merchant payments,91303,77859073.82317376,4,2019,jammu-&-kashmir
Recharge & bill payments,84803,49065907.045780964,4,2019,jammu-&-kashmir
Financial Services,197,213741.2862032762,4,2019,jammu-&-kashmir
Others,3005,2601419.6959477984,4,2019,jammu-&-kashmir
Peer-to-peer payments,435154,2654638582.0865793,1,2020,jammu-&-kashmir
Recharge & bill payments,341357,144213068.7120203,1,2020,jammu-&-kashmir
Merchant payments,135241,131144418.9650335,1,2020,jammu-&-kashmir
Financial Services,2350,2116665.1182805505,1,2020,jammu-&-kashmir
Others,7528,5530441.652102945,1,2020,jammu-&-kashmir
Peer-to-peer payments,1238380,7426818530.258213,2,2020,jammu-&-kashmir
Recharge & bill payments,1028741,413037418.32063264,2,2020,jammu-&-kashmir
Merchant payments,341375,403026357.7674071,2,2020,jammu-&-kashmir
Financial Services,9130,10415041.341445921,2,2020,jammu-&-kashmir
Others,17380,12351591.570849748,2,2020,jammu-&-kashmir
Peer-to-peer payments,1787154,10837119046.792648,3,2020,jammu-&-kashmir
Recharge & bill payments,1005745,443743222.50064695,3,2020,jammu-&-kashmir
Merchant payments,642688,667957476.4350253,3,2020,jammu-&-kashmir
Financial Services,10111,13281733.802213531,3,2020,jammu-&-kashmir
Others,20200,15128281.341935562,3,2020,jammu-&-kashmir
Peer-to-peer payments,2378539,13736841259.97928,4,2020,jammu-&-kashmir
Recharge & bill payments,1900075,536741118.3019938,4,2020,jammu-&-kashmir
Merchant payments,1377786,1045006123.459636,4,2020,jammu-&-kashmir
Financial Services,13578,17966592.69746909,4,2020,jammu-&-kashmir
Others,84466,44350708.939814664,4,2020,jammu-&-kashmir
Peer-to-peer payments,2800201,14801220301.14875,1,2021,jammu-&-kashmir
Recharge & bill payments,2554798,663747765.6760966,1,2021,jammu-&-kashmir
Merchant payments,1527253,1605408313.478133,1,2021,jammu-&-kashmir
Financial Services,17276,20848657.8594191,1,2021,jammu-&-kashmir
Others,98042,47124854.98932911,1,2021,jammu-&-kashmir
Peer-to-peer payments,3955437,19502438177.8094,2,2021,jammu-&-kashmir
Recharge & bill payments,3568970,892467613.5545957,2,2021,jammu-&-kashmir
Merchant payments,2378307,2343370985.582228,2,2021,jammu-&-kashmir
Financial Services,19432,21897796.18705631,2,2021,jammu-&-kashmir
Others,105673,53580855.45836207,2,2021,jammu-&-kashmir
Peer-to-peer payments,5621108,26562997915.198593,3,2021,jammu-&-kashmir
Recharge & bill payments,4192099,1126801385.0108972,3,2021,jammu-&-kashmir
Merchant payments,3197489,3818849262.990345,3,2021,jammu-&-kashmir
Financial Services,16071,27585395.493344463,3,2021,jammu-&-kashmir
Others,124274,62209689.3389434,3,2021,jammu-&-kashmir
Peer-to-peer payments,6852001,31444247707.63007,4,2021,jammu-&-kashmir
Merchant payments,5399465,6026170895.591109,4,2021,jammu-&-kashmir
Recharge & bill payments,4358892,1334473410.437731,4,2021,jammu-&-kashmir
Financial Services,20269,34425387.51761782,4,2021,jammu-&-kashmir
Others,160001,86920024.59513803,4,2021,jammu-&-kashmir
Peer-to-peer payments,6263588,25881919928.64283,1,2022,jammu-&-kashmir
Merchant payments,5769426,5903944370.148529,1,2022,jammu-&-kashmir
Recharge & bill payments,4046350,1253753685.61249,1,2022,jammu-&-kashmir
Financial Services,20506,28915576.11929956,1,2022,jammu-&-kashmir
Others,145441,79330065.6359112,1,2022,jammu-&-kashmir
Merchant payments,9917899,8541811640.294409,2,2022,jammu-&-kashmir
Peer-to-peer payments,8948548,35973490940.6326,2,2022,jammu-&-kashmir
Recharge & bill payments,4759941,1631580783.915923,2,2022,jammu-&-kashmir
Financial Services,17495,23857762.10049466,2,2022,jammu-&-kashmir
Others,169864,83549709.69216739,2,2022,jammu-&-kashmir
Merchant payments,9594459,8056512904.5609255,3,2022,jammu-&-kashmir
Peer-to-peer payments,8391981,31280124357.94366,3,2022,jammu-&-kashmir
Recharge & bill payments,4397779,1538833023.807197,3,2022,jammu-&-kashmir
Financial Services,16502,21281997.61037215,3,2022,jammu-&-kashmir
Others,133673,66802218.326068155,3,2022,jammu-&-kashmir
Merchant payments,13060020,9463119176.82875,4,2022,jammu-&-kashmir
Peer-to-peer payments,9209773,33017162449.59025,4,2022,jammu-&-kashmir
Recharge & bill payments,4885856,1738113554.24513,4,2022,jammu-&-kashmir
Financial Services,17803,26804683.92881795,4,2022,jammu-&-kashmir
Others,142706,70096050.90090424,4,2022,jammu-&-kashmir
Recharge & bill payments,1095857,132181815.28422521,1,2018,jharkhand
Peer-to-peer payments,809459,2036315435.6551178,1,2018,jharkhand
Financial Services,107755,45483178.104925826,1,2018,jharkhand
Merchant payments,66299,66465337.511485815,1,2018,jharkhand
Others,99551,93740623.36363094,1,2018,jharkhand
Recharge & bill payments,1398777,208894647.78855112,2,2018,jharkhand
Peer-to-peer payments,1375872,4205862516.7774906,2,2018,jharkhand
Financial Services,160637,65554548.24621317,2,2018,jharkhand
Merchant payments,130339,138889079.1612477,2,2018,jharkhand
Others,86455,102374867.0893502,2,2018,jharkhand
Peer-to-peer payments,6003688,8142915751.203349,3,2018,jharkhand
Recharge & bill payments,1539476,256930062.2034769,3,2018,jharkhand
Merchant payments,287427,155059935.0403524,3,2018,jharkhand
Financial Services,216343,38182603.57787939,3,2018,jharkhand
Others,75687,68483065.67956133,3,2018,jharkhand
Peer-to-peer payments,3325473,9414019816.80093,4,2018,jharkhand
Recharge & bill payments,1885135,328077093.47845775,4,2018,jharkhand
Merchant payments,845956,373435992.4816617,4,2018,jharkhand
Financial Services,136918,36357465.52244099,4,2018,jharkhand
Others,90561,90026272.83887213,4,2018,jharkhand
Peer-to-peer payments,5952105,12664709652.347082,1,2019,jharkhand
Recharge & bill payments,2347079,440323945.05772173,1,2019,jharkhand
Merchant payments,892826,391616776.11217976,1,2019,jharkhand
Financial Services,105558,47227410.81132864,1,2019,jharkhand
Others,90140,83358664.9497917,1,2019,jharkhand
Peer-to-peer payments,5155937,17044444613.80835,2,2019,jharkhand
Recharge & bill payments,2734377,562210324.8161658,2,2019,jharkhand
Merchant payments,2049311,862186711.5217196,2,2019,jharkhand
Financial Services,67479,51588987.162455104,2,2019,jharkhand
Others,121107,102270668.2376283,2,2019,jharkhand
Peer-to-peer payments,5708187,19050145624.07798,3,2019,jharkhand
Merchant payments,4766457,1494546030.83308,3,2019,jharkhand
Recharge & bill payments,3527625,754845093.6112013,3,2019,jharkhand
Financial Services,103620,80276391.6477037,3,2019,jharkhand
Others,114758,86160853.1891717,3,2019,jharkhand
Peer-to-peer payments,10301226,25360155657.21804,4,2019,jharkhand
Recharge & bill payments,4390094,966539484.5717083,4,2019,jharkhand
Merchant payments,3359590,1725990595.6016061,4,2019,jharkhand
Financial Services,104630,45850806.12718592,4,2019,jharkhand
Others,93078,49211833.15857271,4,2019,jharkhand
Peer-to-peer payments,8196850,29875044416.372463,1,2020,jharkhand
Recharge & bill payments,5454093,1358517296.965377,1,2020,jharkhand
Merchant payments,4499942,2298726414.666834,1,2020,jharkhand
Financial Services,46483,31523887.510064334,1,2020,jharkhand
Others,85345,47420137.7540625,1,2020,jharkhand
Peer-to-peer payments,8724053,32662370316.52174,2,2020,jharkhand
Recharge & bill payments,7538593,1987320466.8540502,2,2020,jharkhand
Merchant payments,3753633,2662438204.255661,2,2020,jharkhand
Financial Services,56553,130249402.0086719,2,2020,jharkhand
Others,68679,43823586.28346999,2,2020,jharkhand
Peer-to-peer payments,11984094,43128110246.270485,3,2020,jharkhand
Merchant payments,7728846,5163578368.000801,3,2020,jharkhand
Recharge & bill payments,7211293,2217657034.902201,3,2020,jharkhand
Financial Services,56918,63233533.18627854,3,2020,jharkhand
Others,87322,50036637.65387121,3,2020,jharkhand
Peer-to-peer payments,17120664,60733288288.10599,4,2020,jharkhand
Merchant payments,14168381,9347677563.842455,4,2020,jharkhand
Recharge & bill payments,7945996,2582828438.736846,4,2020,jharkhand
Financial Services,60989,63947540.001266286,4,2020,jharkhand
Others,135603,77432999.35699823,4,2020,jharkhand
Peer-to-peer payments,19151083,69198235576.72797,1,2021,jharkhand
Merchant payments,17489113,11545580927.24733,1,2021,jharkhand
Recharge & bill payments,7826608,2888409672.1323013,1,2021,jharkhand
Financial Services,50526,54836609.32711602,1,2021,jharkhand
Others,104333,62290337.70487929,1,2021,jharkhand
Peer-to-peer payments,24184568,86037113965.37598,2,2021,jharkhand
Merchant payments,19041292,14731458451.37311,2,2021,jharkhand
Recharge & bill payments,10583445,3531023352.488878,2,2021,jharkhand
Financial Services,54379,57959229.95440879,2,2021,jharkhand
Others,138461,75088312.26558907,2,2021,jharkhand
Peer-to-peer payments,30113326,97742557031.75543,3,2021,jharkhand
Merchant payments,29687162,19954619973.19194,3,2021,jharkhand
Recharge & bill payments,10742405,4029136911.757236,3,2021,jharkhand
Financial Services,51289,65035270.30823113,3,2021,jharkhand
Others,201520,99665931.8402131,3,2021,jharkhand
Merchant payments,45007900,30397134744.16734,4,2021,jharkhand
Peer-to-peer payments,39476282,130461675107.9945,4,2021,jharkhand
Recharge & bill payments,11173974,4920513757.5836115,4,2021,jharkhand
Financial Services,72802,82938673.40787342,4,2021,jharkhand
Others,278084,154856720.5525196,4,2021,jharkhand
Merchant payments,53218047,35404682302.819725,1,2022,jharkhand
Peer-to-peer payments,45881799,153327336656.77792,1,2022,jharkhand
Recharge & bill payments,11502811,5765898871.819412,1,2022,jharkhand
Financial Services,67502,72095750.37612481,1,2022,jharkhand
Others,241051,130193505.3740419,1,2022,jharkhand
Merchant payments,67435024,44149892984.34711,2,2022,jharkhand
Peer-to-peer payments,52086790,175208899196.82,2,2022,jharkhand
Recharge & bill payments,13145888,6119623547.3009,2,2022,jharkhand
Financial Services,50361,53281830.624961995,2,2022,jharkhand
Others,207212,104530269.0448263,2,2022,jharkhand
Merchant payments,74816586,45850919744.159195,3,2022,jharkhand
Peer-to-peer payments,57285937,176549466282.0438,3,2022,jharkhand
Recharge & bill payments,14462031,6838978157.223744,3,2022,jharkhand
Financial Services,68467,69016067.83164982,3,2022,jharkhand
Others,182311,104503812.6994251,3,2022,jharkhand
Merchant payments,91863987,57173653531.6919,4,2022,jharkhand
Peer-to-peer payments,68045210,212953650396.9668,4,2022,jharkhand
Recharge & bill payments,15110623,7625380765.3711195,4,2022,jharkhand
Financial Services,81074,89276259.66683595,4,2022,jharkhand
Others,199198,129776494.88471399,4,2022,jharkhand
Recharge & bill payments,5785292,1496816541.97102,1,2018,karnataka
Peer-to-peer payments,4456528,16522277460.17466,1,2018,karnataka
Merchant payments,1089627,696586489.2644083,1,2018,karnataka
Financial Services,159848,52664837.407078,1,2018,karnataka
Others,525604,449549985.19633806,1,2018,karnataka
Recharge & bill payments,7391926,2435924808.054059,2,2018,karnataka
Peer-to-peer payments,7164836,29135024501.31963,2,2018,karnataka
Merchant payments,1874383,1361967204.919347,2,2018,karnataka
Financial Services,194363,93244737.61226672,2,2018,karnataka
Others,490939,489418829.3956837,2,2018,karnataka
Peer-to-peer payments,12863507,42819128165.14718,3,2018,karnataka
Recharge & bill payments,8674172,3019156590.415938,3,2018,karnataka
Merchant payments,3638065,1879406580.5386481,3,2018,karnataka
Financial Services,205740,50726023.40346949,3,2018,karnataka
Others,598777,456674396.30284667,3,2018,karnataka
Peer-to-peer payments,20471744,63575342228.05887,4,2018,karnataka
Merchant payments,11812478,4751317554.815564,4,2018,karnataka
Recharge & bill payments,11426205,4030978295.0626955,4,2018,karnataka
Financial Services,289353,71134704.79416475,4,2018,karnataka
Others,812291,579613793.3366778,4,2018,karnataka
Peer-to-peer payments,44049036,104118436760.3156,1,2019,karnataka
Merchant payments,24491960,7076613843.774634,1,2019,karnataka
Recharge & bill payments,16981941,6217689429.770171,1,2019,karnataka
Financial Services,293728,51023386.14504391,1,2019,karnataka
Others,770944,512618725.75178516,1,2019,karnataka
Peer-to-peer payments,50033334,142910706254.4051,2,2019,karnataka
Merchant payments,44848593,12338599108.547262,2,2019,karnataka
Recharge & bill payments,19283028,7745156562.557001,2,2019,karnataka
Financial Services,140353,44871623.829314835,2,2019,karnataka
Others,1096296,662690676.7455502,2,2019,karnataka
Merchant payments,76924325,20375791901.51608,3,2019,karnataka
Peer-to-peer payments,67784880,183163325083.02164,3,2019,karnataka
Recharge & bill payments,24339891,10208179941.827309,3,2019,karnataka
Financial Services,189716,57194690.69137601,3,2019,karnataka
Others,1494923,732228821.132016,3,2019,karnataka
Merchant payments,114044901,31602890835.85107,4,2019,karnataka
Peer-to-peer payments,93311589,250562864352.7836,4,2019,karnataka
Recharge & bill payments,28862161,12183568521.027191,4,2019,karnataka
Financial Services,101937,51145982.18087677,4,2019,karnataka
Others,1475664,646673755.3894986,4,2019,karnataka
Merchant payments,132970737,40374401933.52863,1,2020,karnataka
Peer-to-peer payments,100868460,297635301555.93097,1,2020,karnataka
Recharge & bill payments,35854971,14724886028.4034,1,2020,karnataka
Financial Services,93648,110130184.7219853,1,2020,karnataka
Others,1246074,557335296.81275,1,2020,karnataka
Merchant payments,87251639,38463881234.438194,2,2020,karnataka
Peer-to-peer payments,82118363,265767207470.1678,2,2020,karnataka
Recharge & bill payments,43290272,16434890228.306221,2,2020,karnataka
Financial Services,161560,246367207.06107083,2,2020,karnataka
Others,399878,192530880.1645686,2,2020,karnataka
Merchant payments,137206600,60769881812.00958,3,2020,karnataka
Peer-to-peer payments,119241776,390432374828.4793,3,2020,karnataka
Recharge & bill payments,43139631,18911088810.529343,3,2020,karnataka
Financial Services,251980,358426105.9585576,3,2020,karnataka
Others,520544,268744139.7048992,3,2020,karnataka
Merchant payments,215711211,97147239182.96416,4,2020,karnataka
Peer-to-peer payments,166981242,538340957771.568,4,2020,karnataka
Recharge & bill payments,47736461,21611671359.120274,4,2020,karnataka
Financial Services,284700,427966918.9300599,4,2020,karnataka
Others,823370,508863332.43586946,4,2020,karnataka
Merchant payments,279599017,117959690729.6494,1,2021,karnataka
Peer-to-peer payments,190894164,610937002732.095,1,2021,karnataka
Recharge & bill payments,52261651,25111731675.64637,1,2021,karnataka
Financial Services,297710,475815041.81600153,1,2021,karnataka
Others,744950,511117233.1864775,1,2021,karnataka
Merchant payments,244460862,124624417935.0589,2,2021,karnataka
Peer-to-peer payments,216539959,684035748184.4377,2,2021,karnataka
Recharge & bill payments,68599238,28272314719.076206,2,2021,karnataka
Financial Services,304779,456933673.98713577,2,2021,karnataka
Others,744208,497736717.4893276,2,2021,karnataka
Merchant payments,391381353,190563423840.34482,3,2021,karnataka
Peer-to-peer payments,288462867,908138627418.7013,3,2021,karnataka
Recharge & bill payments,72168311,33386709060.80711,3,2021,karnataka
Financial Services,286685,508051800.8625039,3,2021,karnataka
Others,997323,637927036.8737217,3,2021,karnataka
Merchant payments,503210623,243754536471.1106,4,2021,karnataka
Peer-to-peer payments,350032663,1090951587881.0441,4,2021,karnataka
Recharge & bill payments,76826701,39294350717.40591,4,2021,karnataka
Financial Services,365769,574240588.1883193,4,2021,karnataka
Others,1289682,896608692.1244912,4,2021,karnataka
Merchant payments,588543313,278109650949.8691,1,2022,karnataka
Peer-to-peer payments,389491586,1243199329198.8582,1,2022,karnataka
Recharge & bill payments,78206453,43891305256.63388,1,2022,karnataka
Financial Services,384922,624857963.4375479,1,2022,karnataka
Others,1229133,824344937.0828401,1,2022,karnataka
Merchant payments,735295388,358016289601.7625,2,2022,karnataka
Peer-to-peer payments,449723751,1457330278795.186,2,2022,karnataka
Recharge & bill payments,91137091,50583781089.16758,2,2022,karnataka
Financial Services,351688,545330283.2377212,2,2022,karnataka
Others,941042,670434289.8797817,2,2022,karnataka
Merchant payments,704609552,333606445776.60834,3,2022,karnataka
Peer-to-peer payments,404084880,1282604186671.176,3,2022,karnataka
Recharge & bill payments,79979546,48539011844.0797,3,2022,karnataka
Financial Services,361312,558132533.414458,3,2022,karnataka
Others,726038,610455785.7449958,3,2022,karnataka
Merchant payments,830157371,380643835280.23364,4,2022,karnataka
Peer-to-peer payments,460041715,1468087523889.2761,4,2022,karnataka
Recharge & bill payments,87517348,54445900607.2116,4,2022,karnataka
Financial Services,426795,650217624.1227758,4,2022,karnataka
Others,767142,689145506.798728,4,2022,karnataka
Recharge & bill payments,988774,157311821.37585652,1,2018,kerala
Peer-to-peer payments,600205,2107288314.302522,1,2018,kerala
Merchant payments,72164,82919383.04571174,1,2018,kerala
Financial Services,40170,7957491.901965583,1,2018,kerala
Others,70067,47197742.474449396,1,2018,kerala
Recharge & bill payments,1230869,248080143.25702393,2,2018,kerala
Peer-to-peer payments,848291,3436199589.0773168,2,2018,kerala
Merchant payments,131217,144501582.0466669,2,2018,kerala
Financial Services,41100,12355589.343616951,2,2018,kerala
Others,56688,45786439.71799916,2,2018,kerala
Peer-to-peer payments,1425259,4823239268.279744,3,2018,kerala
Recharge & bill payments,1407588,296352497.34099543,3,2018,kerala
Merchant payments,210974,160705488.6023575,3,2018,kerala
Financial Services,37286,6170643.387882499,3,2018,kerala
Others,53241,36557326.26447625,3,2018,kerala
Peer-to-peer payments,2073960,6959805154.570259,4,2018,kerala
Recharge & bill payments,1679897,351296525.2985757,4,2018,kerala
Merchant payments,417114,378857199.6490426,4,2018,kerala
Financial Services,75084,10063656.72606766,4,2018,kerala
Others,64599,47338700.56846385,4,2018,kerala
Peer-to-peer payments,3601116,9314451112.085836,1,2019,kerala
Recharge & bill payments,2180915,498453895.94724303,1,2019,kerala
Merchant payments,550707,371997848.2006638,1,2019,kerala
Financial Services,77652,7808573.898364296,1,2019,kerala
Others,58649,42319704.717572376,1,2019,kerala
Peer-to-peer payments,3519528,11630623424.13149,2,2019,kerala
Recharge & bill payments,2711299,768892057.7982787,2,2019,kerala
Merchant payments,937130,569545842.9999,2,2019,kerala
Financial Services,38869,5823291.622642939,2,2019,kerala
Others,77000,56486944.63322557,2,2019,kerala
Peer-to-peer payments,4181954,14433990011.32079,3,2019,kerala
Recharge & bill payments,3431236,1051007778.312957,3,2019,kerala
Merchant payments,1497029,879510566.1106174,3,2019,kerala
Financial Services,96130,8910528.723410578,3,2019,kerala
Others,79747,56390837.596709594,3,2019,kerala
Peer-to-peer payments,5859068,18537483865.44591,4,2019,kerala
Recharge & bill payments,4097032,1287955351.66479,4,2019,kerala
Merchant payments,2418428,1268704040.1006923,4,2019,kerala
Financial Services,50728,10816332.760911912,4,2019,kerala
Others,73381,46367047.83244334,4,2019,kerala
Peer-to-peer payments,6634439,22862907701.60516,1,2020,kerala
Recharge & bill payments,5507580,1716538277.369673,1,2020,kerala
Merchant payments,3485036,1810329140.1843731,1,2020,kerala
Financial Services,38050,17160614.59325491,1,2020,kerala
Others,68417,44149097.18179157,1,2020,kerala
Recharge & bill payments,7709714,2452435028.9249372,2,2020,kerala
Peer-to-peer payments,5603046,21309983654.739,2,2020,kerala
Merchant payments,2888260,2075701451.362759,2,2020,kerala
Financial Services,40501,32921115.845954422,2,2020,kerala
Others,46446,23037227.727544233,2,2020,kerala
Peer-to-peer payments,8590587,33346812213.79867,3,2020,kerala
Recharge & bill payments,7932950,2688361345.2045465,3,2020,kerala
Merchant payments,5065205,4016995193.6035366,3,2020,kerala
Financial Services,94130,76828720.82445313,3,2020,kerala
Others,75808,35153178.522981875,3,2020,kerala
Peer-to-peer payments,12941135,45686395927.74489,4,2020,kerala
Merchant payments,10990709,7695667406.723909,4,2020,kerala
Recharge & bill payments,9167428,3238199947.525463,4,2020,kerala
Financial Services,73833,69202344.44095233,4,2020,kerala
Others,115082,65791020.57617174,4,2020,kerala
Peer-to-peer payments,16209203,55336812492.746414,1,2021,kerala
Merchant payments,16105923,10058436408.18426,1,2021,kerala
Recharge & bill payments,9837385,3732534739.043629,1,2021,kerala
Financial Services,68012,69655547.76092248,1,2021,kerala
Others,95819,63530974.15939384,1,2021,kerala
Peer-to-peer payments,17026648,58152644526.04467,2,2021,kerala
Merchant payments,16135060,11263178335.98088,2,2021,kerala
Recharge & bill payments,13809151,4645548909.798976,2,2021,kerala
Financial Services,88830,88370679.95309764,2,2021,kerala
Others,131344,77063984.37888283,2,2021,kerala
Merchant payments,25402350,17877677018.107372,3,2021,kerala
Peer-to-peer payments,23378091,78598482305.73877,3,2021,kerala
Recharge & bill payments,13979407,5008396079.412957,3,2021,kerala
Financial Services,85730,101460242.2623948,3,2021,kerala
Others,182688,100146127.60812959,3,2021,kerala
Merchant payments,38574904,24589454633.018272,4,2021,kerala
Peer-to-peer payments,29075528,92774490034.55844,4,2021,kerala
Recharge & bill payments,13781815,5689390023.204553,4,2021,kerala
Financial Services,108232,128238698.7405598,4,2021,kerala
Others,283262,160563553.84187672,4,2021,kerala
Merchant payments,47778743,28685388646.415363,1,2022,kerala
Peer-to-peer payments,33089518,104623270223.3171,1,2022,kerala
Recharge & bill payments,14042317,6373570715.96907,1,2022,kerala
Financial Services,134370,158926455.91425732,1,2022,kerala
Others,236017,147786423.0782508,1,2022,kerala
Merchant payments,55730158,34395023155.77253,2,2022,kerala
Peer-to-peer payments,35630060,112813716119.4625,2,2022,kerala
Recharge & bill payments,14701207,7230489227.091859,2,2022,kerala
Financial Services,110336,133436809.91322711,2,2022,kerala
Others,193561,123664236.88435219,2,2022,kerala
Merchant payments,64984061,37852759989.759125,3,2022,kerala
Peer-to-peer payments,38774832,116414003145.11601,3,2022,kerala
Recharge & bill payments,15289755,7709237374.351864,3,2022,kerala
Financial Services,146673,162861560.0739113,3,2022,kerala
Others,167583,121557246.12854591,3,2022,kerala
Merchant payments,74647115,40607857085.64609,4,2022,kerala
Peer-to-peer payments,42471676,124564727703.6055,4,2022,kerala
Recharge & bill payments,15520670,8075692517.2755575,4,2022,kerala
Financial Services,164334,191307058.1462068,4,2022,kerala
Others,156673,120224235.03622031,4,2022,kerala
Recharge & bill payments,3550,927250.7143707818,1,2018,ladakh
Peer-to-peer payments,1752,10767803.999610359,1,2018,ladakh
Merchant payments,320,369327.62555241917,1,2018,ladakh
Financial Services,132,274283.17576680594,1,2018,ladakh
Others,335,194192.25581440225,1,2018,ladakh
Recharge & bill payments,8075,2417434.2729015187,2,2018,ladakh
Peer-to-peer payments,5667,42638443.11997231,2,2018,ladakh
Merchant payments,724,1761366.2964342085,2,2018,ladakh
Financial Services,151,127324.6279709443,2,2018,ladakh
Others,393,390334.220462498,2,2018,ladakh
Recharge & bill payments,13136,4676712.344045115,3,2018,ladakh
Peer-to-peer payments,10133,77085890.57395567,3,2018,ladakh
Merchant payments,1168,2016579.2506718007,3,2018,ladakh
Financial Services,84,69317.12287872119,3,2018,ladakh
Others,343,242477.8532947429,3,2018,ladakh
Recharge & bill payments,16650,5701932.895454288,4,2018,ladakh
Peer-to-peer payments,15939,123611779.58930421,4,2018,ladakh
Merchant payments,1881,5082666.820758243,4,2018,ladakh
Financial Services,142,94604.73391846984,4,2018,ladakh
Others,599,1031858.4532022325,4,2018,ladakh
Peer-to-peer payments,22076,139715922.1887053,1,2019,ladakh
Recharge & bill payments,20014,7186109.182288248,1,2019,ladakh
Merchant payments,3238,4967122.4999400275,1,2019,ladakh
Financial Services,114,111851.02856430915,1,2019,ladakh
Others,703,878916.0496292994,1,2019,ladakh
Peer-to-peer payments,34202,240305709.9282429,2,2019,ladakh
Recharge & bill payments,25357,10116773.36613449,2,2019,ladakh
Merchant payments,8220,7726519.367758205,2,2019,ladakh
Financial Services,86,113767.09768193656,2,2019,ladakh
Others,907,992737.2376073576,2,2019,ladakh
Peer-to-peer payments,43198,303596367.6795853,3,2019,ladakh
Recharge & bill payments,41491,18054746.12144833,3,2019,ladakh
Merchant payments,6963,8096082.971229901,3,2019,ladakh
Financial Services,48,148633.29469977494,3,2019,ladakh
Others,696,1233697.1268589406,3,2019,ladakh
Peer-to-peer payments,42095,298044908.5075786,4,2019,ladakh
Recharge & bill payments,35467,16510212.10075311,4,2019,ladakh
Merchant payments,6522,8717893.899929387,4,2019,ladakh
Financial Services,46,162760.63254625077,4,2019,ladakh
Others,576,1253584.887304229,4,2019,ladakh
Peer-to-peer payments,51560,339551900.3873952,1,2020,ladakh
Recharge & bill payments,49801,23010664.72023286,1,2020,ladakh
Merchant payments,14264,13338124.27189282,1,2020,ladakh
Financial Services,204,583108.9455483773,1,2020,ladakh
Others,590,1155879.120674257,1,2020,ladakh
Recharge & bill payments,70601,32087339.266190987,2,2020,ladakh
Peer-to-peer payments,68450,470749365.0981604,2,2020,ladakh
Merchant payments,15132,19679330.18641492,2,2020,ladakh
Financial Services,337,786069.1630768818,2,2020,ladakh
Others,490,490894.93818109273,2,2020,ladakh
Peer-to-peer payments,108345,751333715.2896031,3,2020,ladakh
Recharge & bill payments,81623,40380074.55014179,3,2020,ladakh
Merchant payments,36861,40538778.75651745,3,2020,ladakh
Financial Services,621,2334917.7832646337,3,2020,ladakh
Others,772,900013.678666259,3,2020,ladakh
Peer-to-peer payments,151582,985814864.3429123,4,2020,ladakh
Recharge & bill payments,94133,44185250.8636451,4,2020,ladakh
Merchant payments,83868,77511378.30739444,4,2020,ladakh
Financial Services,729,1965054.5898611392,4,2020,ladakh
Others,1822,2486922.4041473325,4,2020,ladakh
Peer-to-peer payments,141894,869999786.1513934,1,2021,ladakh
Recharge & bill payments,72719,35459532.4121063,1,2021,ladakh
Merchant payments,58875,74977913.47237433,1,2021,ladakh
Financial Services,629,1455016.148284281,1,2021,ladakh
Others,1298,1527565.0627209258,1,2021,ladakh
Peer-to-peer payments,209818,1259044412.435873,2,2021,ladakh
Recharge & bill payments,95458,44754721.82815342,2,2021,ladakh
Merchant payments,92078,119608470.04115531,2,2021,ladakh
Financial Services,755,1756762.1471181023,2,2021,ladakh
Others,1607,2094729.0180191218,2,2021,ladakh
Peer-to-peer payments,330919,1917311078.128726,3,2021,ladakh
Merchant payments,135108,233260756.50887147,3,2021,ladakh
Recharge & bill payments,121856,58750081.815117195,3,2021,ladakh
Financial Services,900,1911625.5446910746,3,2021,ladakh
Others,2204,2751201.9371823343,3,2021,ladakh
Peer-to-peer payments,337120,1804428550.1884868,4,2021,ladakh
Merchant payments,169110,284786365.9296017,4,2021,ladakh
Recharge & bill payments,120607,58403893.47253243,4,2021,ladakh
Financial Services,912,3068708.947120995,4,2021,ladakh
Others,2438,2847620.2425241945,4,2021,ladakh
Peer-to-peer payments,343041,1685241980.6641831,1,2022,ladakh
Merchant payments,167100,279354508.988595,1,2022,ladakh
Recharge & bill payments,116486,56203999.28920926,1,2022,ladakh
Financial Services,1247,2023327.6779848374,1,2022,ladakh
Others,2141,2217102.222236882,1,2022,ladakh
Peer-to-peer payments,608870,2941624382.277109,2,2022,ladakh
Merchant payments,346146,508439376.6809197,2,2022,ladakh
Recharge & bill payments,158996,88531677.99442025,2,2022,ladakh
Financial Services,1585,2487560.1853386,2,2022,ladakh
Others,2476,2235180.8584825676,2,2022,ladakh
Peer-to-peer payments,659896,2955729492.498551,3,2022,ladakh
Merchant payments,367022,551472983.879604,3,2022,ladakh
Recharge & bill payments,160269,94288872.34747364,3,2022,ladakh
Financial Services,1555,1815866.8961950848,3,2022,ladakh
Others,2116,1892134.7520804727,3,2022,ladakh
Peer-to-peer payments,559259,2350047971.603546,4,2022,ladakh
Merchant payments,382456,462189599.2843026,4,2022,ladakh
Recharge & bill payments,138793,79767790.98577228,4,2022,ladakh
Financial Services,1248,1198715.2123450316,4,2022,ladakh
Others,1616,1273495.592982805,4,2022,ladakh
Peer-to-peer payments,423,1860278.2784597143,1,2018,lakshadweep
Recharge & bill payments,342,61432.04938505074,1,2018,lakshadweep
Merchant payments,5,590.7505138175776,1,2018,lakshadweep
Others,8,6310.102519157715,1,2018,lakshadweep
Peer-to-peer payments,1315,5757123.079919379,2,2018,lakshadweep
Recharge & bill payments,750,353202.7988510042,2,2018,lakshadweep
Merchant payments,42,64568.47789279556,2,2018,lakshadweep
Financial Services,6,9134.413223158994,2,2018,lakshadweep
Others,19,3780.7695141997474,2,2018,lakshadweep
Peer-to-peer payments,841,3926048.74488305,3,2018,lakshadweep
Recharge & bill payments,760,300978.32420203416,3,2018,lakshadweep
Merchant payments,87,94046.43333034206,3,2018,lakshadweep
Others,15,17958.809570422687,3,2018,lakshadweep
Recharge & bill payments,792,351201.0879000404,4,2018,lakshadweep
Peer-to-peer payments,689,3841230.430870924,4,2018,lakshadweep
Merchant payments,144,262079.85573632165,4,2018,lakshadweep
Financial Services,6,389.8932323919954,4,2018,lakshadweep
Others,11,8312.430483153179,4,2018,lakshadweep
Peer-to-peer payments,1183,8221402.368536929,1,2019,lakshadweep
Recharge & bill payments,1173,353870.52398354514,1,2019,lakshadweep
Merchant payments,113,183062.1455975621,1,2019,lakshadweep
Others,12,27795.441220958,1,2019,lakshadweep
Recharge & bill payments,1448,436735.1684614296,2,2019,lakshadweep
Peer-to-peer payments,1318,8602732.117788196,2,2019,lakshadweep
Merchant payments,137,190716.5411561734,2,2019,lakshadweep
Others,23,12340.30958308919,2,2019,lakshadweep
Recharge & bill payments,1528,503049.2411913635,3,2019,lakshadweep
Peer-to-peer payments,1455,8923273.862948446,3,2019,lakshadweep
Merchant payments,111,215159.68119447335,3,2019,lakshadweep
Others,10,10278.678434187355,3,2019,lakshadweep
Recharge & bill payments,1801,618155.9004644766,4,2019,lakshadweep
Peer-to-peer payments,1753,10383413.24667049,4,2019,lakshadweep
Merchant payments,188,211413.62244321496,4,2019,lakshadweep
Financial Services,2,34.39721181625656,4,2019,lakshadweep
Others,21,56896.23813384895,4,2019,lakshadweep
Recharge & bill payments,2684,789255.2646123999,1,2020,lakshadweep
Peer-to-peer payments,2068,12463327.26183683,1,2020,lakshadweep
Merchant payments,387,216594.03077193064,1,2020,lakshadweep
Others,12,33192.017283045374,1,2020,lakshadweep
Recharge & bill payments,4497,1061694.138574572,2,2020,lakshadweep
Peer-to-peer payments,2176,14718605.188911092,2,2020,lakshadweep
Merchant payments,472,971609.4583537823,2,2020,lakshadweep
Financial Services,60,158593.59701229632,2,2020,lakshadweep
Others,15,32419.703092655054,2,2020,lakshadweep
Recharge & bill payments,4696,1186947.553816269,3,2020,lakshadweep
Peer-to-peer payments,2946,19189391.61874283,3,2020,lakshadweep
Merchant payments,903,842981.169451366,3,2020,lakshadweep
Financial Services,27,45457.50970027798,3,2020,lakshadweep
Others,17,42055.45694608544,3,2020,lakshadweep
Recharge & bill payments,5187,1499298.1127799235,4,2020,lakshadweep
Peer-to-peer payments,4741,27284123.245665,4,2020,lakshadweep
Merchant payments,1668,1227101.6378793938,4,2020,lakshadweep
Financial Services,22,13968.7539965527,4,2020,lakshadweep
Others,32,86826.16675951776,4,2020,lakshadweep
Peer-to-peer payments,3942,24823715.01742214,1,2021,lakshadweep
Recharge & bill payments,3541,1070209.4218526704,1,2021,lakshadweep
Merchant payments,1537,1040213.7953898906,1,2021,lakshadweep
Financial Services,19,15929.095105497145,1,2021,lakshadweep
Others,46,92715.5843109472,1,2021,lakshadweep
Recharge & bill payments,5499,1745295.828077295,2,2021,lakshadweep
Peer-to-peer payments,4069,23996417.49366483,2,2021,lakshadweep
Merchant payments,1743,1525331.9146529401,2,2021,lakshadweep
Financial Services,29,15052.018496008179,2,2021,lakshadweep
Others,44,101366.40306045809,2,2021,lakshadweep
Peer-to-peer payments,5687,34142107.52016985,3,2021,lakshadweep
Recharge & bill payments,5153,1700287.4734963956,3,2021,lakshadweep
Merchant payments,2450,2750367.063028222,3,2021,lakshadweep
Financial Services,48,137227.35390598275,3,2021,lakshadweep
Others,32,73174.28816768769,3,2021,lakshadweep
Peer-to-peer payments,7154,44696668.86120766,4,2021,lakshadweep
Recharge & bill payments,5355,2093901.2918026838,4,2021,lakshadweep
Merchant payments,2872,4071239.087436496,4,2021,lakshadweep
Financial Services,27,19994.541946360278,4,2021,lakshadweep
Others,62,116381.74598782149,4,2021,lakshadweep
Peer-to-peer payments,7913,48590864.56835763,1,2022,lakshadweep
Recharge & bill payments,5334,2322580.1695599537,1,2022,lakshadweep
Merchant payments,3048,3838358.3586293925,1,2022,lakshadweep
Financial Services,39,38274.22628876488,1,2022,lakshadweep
Others,63,149355.3310943247,1,2022,lakshadweep
Peer-to-peer payments,8491,48451728.04746901,2,2022,lakshadweep
Recharge & bill payments,5366,2386144.714677198,2,2022,lakshadweep
Merchant payments,3602,4895657.060086848,2,2022,lakshadweep
Financial Services,59,87127.8249489804,2,2022,lakshadweep
Others,51,108944.34272364664,2,2022,lakshadweep
Peer-to-peer payments,7533,40029003.82575238,3,2022,lakshadweep
Recharge & bill payments,4441,1936538.3067545425,3,2022,lakshadweep
Merchant payments,3142,5469200.646094429,3,2022,lakshadweep
Financial Services,64,63629.88416689246,3,2022,lakshadweep
Others,61,81636.9547320153,3,2022,lakshadweep
Peer-to-peer payments,8686,47450386.0033243,4,2022,lakshadweep
Recharge & bill payments,4557,2024739.1542023947,4,2022,lakshadweep
Merchant payments,3819,5250991.002376802,4,2022,lakshadweep
Financial Services,35,26453.0247779254,4,2022,lakshadweep
Others,50,61304.43025482374,4,2022,lakshadweep
Recharge & bill payments,4404190,667057311.4560372,1,2018,madhya-pradesh
Peer-to-peer payments,2848290,7590790588.551904,1,2018,madhya-pradesh
Financial Services,230519,43374288.983730234,1,2018,madhya-pradesh
Merchant payments,196394,170119673.712754,1,2018,madhya-pradesh
Others,346002,210261540.7414958,1,2018,madhya-pradesh
Recharge & bill payments,5324535,1132090445.890336,2,2018,madhya-pradesh
Peer-to-peer payments,4269392,14155603482.49263,2,2018,madhya-pradesh
Merchant payments,397135,339308203.1707404,2,2018,madhya-pradesh
Financial Services,305553,53860331.80574275,2,2018,madhya-pradesh
Others,264797,243218603.3198562,2,2018,madhya-pradesh
Peer-to-peer payments,9988509,22057686208.544342,3,2018,madhya-pradesh
Recharge & bill payments,5733261,1367773856.675655,3,2018,madhya-pradesh
Merchant payments,784995,465390819.59013355,3,2018,madhya-pradesh
Financial Services,359440,46120458.63885435,3,2018,madhya-pradesh
Others,260780,212770861.2234169,3,2018,madhya-pradesh
Peer-to-peer payments,11456555,30897348664.90544,4,2018,madhya-pradesh
Recharge & bill payments,7273502,1669345516.941368,4,2018,madhya-pradesh
Merchant payments,2056426,1036249753.927803,4,2018,madhya-pradesh
Financial Services,313540,43367243.154430926,4,2018,madhya-pradesh
Others,297532,259296894.0382775,4,2018,madhya-pradesh
Peer-to-peer payments,23708825,44114206183.09186,1,2019,madhya-pradesh
Recharge & bill payments,9966905,2423593841.716142,1,2019,madhya-pradesh
Merchant payments,3018928,1263699222.350108,1,2019,madhya-pradesh
Financial Services,290838,28901169.29249904,1,2019,madhya-pradesh
Others,315553,239879105.5972368,1,2019,madhya-pradesh
Peer-to-peer payments,20868744,61758841793.87666,2,2019,madhya-pradesh
Recharge & bill payments,12044969,3571897178.303101,2,2019,madhya-pradesh
Merchant payments,7331352,2671155681.449155,2,2019,madhya-pradesh
Financial Services,149197,18869661.51348576,2,2019,madhya-pradesh
Others,451751,313802065.4154737,2,2019,madhya-pradesh
Peer-to-peer payments,22631038,67648107703.0357,3,2019,madhya-pradesh
Merchant payments,17163551,5147459307.101742,3,2019,madhya-pradesh
Recharge & bill payments,13156616,4576521609.4608345,3,2019,madhya-pradesh
Financial Services,192821,25654168.60092132,3,2019,madhya-pradesh
Others,466385,278578703.0441117,3,2019,madhya-pradesh
Peer-to-peer payments,32083162,92064471161.9892,4,2019,madhya-pradesh
Merchant payments,19447707,7304157801.612935,4,2019,madhya-pradesh
Recharge & bill payments,16081734,5104821720.999017,4,2019,madhya-pradesh
Financial Services,127116,24020060.93213319,4,2019,madhya-pradesh
Others,392270,190456045.32494444,4,2019,madhya-pradesh
Peer-to-peer payments,34540722,110325991607.3847,1,2020,madhya-pradesh
Merchant payments,24618074,9898242848.257929,1,2020,madhya-pradesh
Recharge & bill payments,19788516,6311610609.846225,1,2020,madhya-pradesh
Financial Services,68055,30645714.401902907,1,2020,madhya-pradesh
Others,351379,170790656.3033978,1,2020,madhya-pradesh
Peer-to-peer payments,34860958,128184693854.7977,2,2020,madhya-pradesh
Recharge & bill payments,27497528,8904067957.012121,2,2020,madhya-pradesh
Merchant payments,13685723,10666223053.63472,2,2020,madhya-pradesh
Financial Services,80988,62073621.44351514,2,2020,madhya-pradesh
Others,215376,104956802.1743797,2,2020,madhya-pradesh
Peer-to-peer payments,50871564,174978985034.2865,3,2020,madhya-pradesh
Merchant payments,31879804,20621273981.659657,3,2020,madhya-pradesh
Recharge & bill payments,25380467,9834190567.205517,3,2020,madhya-pradesh
Financial Services,131725,122971108.0706019,3,2020,madhya-pradesh
Others,316321,144259293.3158339,3,2020,madhya-pradesh
Peer-to-peer payments,67972167,235584201864.2234,4,2020,madhya-pradesh
Merchant payments,57707471,37315576877.14569,4,2020,madhya-pradesh
Recharge & bill payments,27335834,10977774483.32556,4,2020,madhya-pradesh
Financial Services,149532,132590450.0707424,4,2020,madhya-pradesh
Others,487537,264996097.6059612,4,2020,madhya-pradesh
Merchant payments,84812245,50098244499.506615,1,2021,madhya-pradesh
Peer-to-peer payments,84070625,279938170703.8171,1,2021,madhya-pradesh
Recharge & bill payments,32500681,13060914041.0394,1,2021,madhya-pradesh
Financial Services,169378,161838389.7954778,1,2021,madhya-pradesh
Others,445569,274786748.1299523,1,2021,madhya-pradesh
Peer-to-peer payments,99367521,348935762191.1048,2,2021,madhya-pradesh
Merchant payments,77113464,58839392449.9937,2,2021,madhya-pradesh
Recharge & bill payments,46118636,17230546398.84866,2,2021,madhya-pradesh
Financial Services,188726,177313389.66602692,2,2021,madhya-pradesh
Others,526333,317753606.0115695,2,2021,madhya-pradesh
Merchant payments,138433772,85885669792.43228,3,2021,madhya-pradesh
Peer-to-peer payments,127654821,398912712886.4574,3,2021,madhya-pradesh
Recharge & bill payments,44437315,19025346050.62772,3,2021,madhya-pradesh
Financial Services,174454,180366422.5824598,3,2021,madhya-pradesh
Others,742972,408508699.4365407,3,2021,madhya-pradesh
Merchant payments,197193842,126461098235.02321,4,2021,madhya-pradesh
Peer-to-peer payments,159649020,507118521843.3588,4,2021,madhya-pradesh
Recharge & bill payments,46220966,22492766779.15663,4,2021,madhya-pradesh
Financial Services,247925,246488171.3779264,4,2021,madhya-pradesh
Others,996331,568617375.5894115,4,2021,madhya-pradesh
Merchant payments,237691924,143310226696.7226,1,2022,madhya-pradesh
Peer-to-peer payments,185008444,578201697703.7521,1,2022,madhya-pradesh
Recharge & bill payments,48870314,25437774564.26215,1,2022,madhya-pradesh
Financial Services,222923,219927120.15944028,1,2022,madhya-pradesh
Others,909453,495513514.75128734,1,2022,madhya-pradesh
Merchant payments,287616385,174183397721.35928,2,2022,madhya-pradesh
Peer-to-peer payments,202093283,663180522499.3412,2,2022,madhya-pradesh
Recharge & bill payments,54318983,29125694281.81933,2,2022,madhya-pradesh
Financial Services,157672,153944499.7449031,2,2022,madhya-pradesh
Others,713506,381178326.3209058,2,2022,madhya-pradesh
Merchant payments,391105651,212445928287.3991,3,2022,madhya-pradesh
Peer-to-peer payments,267013695,780650402034.3962,3,2022,madhya-pradesh
Recharge & bill payments,72148870,39132574047.51802,3,2022,madhya-pradesh
Financial Services,240678,236981163.63162848,3,2022,madhya-pradesh
Others,750665,442608716.71893203,3,2022,madhya-pradesh
Merchant payments,492999084,272801597092.4764,4,2022,madhya-pradesh
Peer-to-peer payments,325467851,984255199293.6544,4,2022,madhya-pradesh
Recharge & bill payments,79289399,45143248068.817345,4,2022,madhya-pradesh
Financial Services,286931,278304972.6470296,4,2022,madhya-pradesh
Others,785003,521508120.7286146,4,2022,madhya-pradesh
Recharge & bill payments,9670237,2283567431.2235346,1,2018,maharashtra
Peer-to-peer payments,5227770,18283896464.7509,1,2018,maharashtra
Merchant payments,616779,576964070.7366859,1,2018,maharashtra
Financial Services,235051,60997258.06029972,1,2018,maharashtra
Others,637197,506188032.9539564,1,2018,maharashtra
Recharge & bill payments,12384216,3725800358.6814823,2,2018,maharashtra
Peer-to-peer payments,7772336,30782831245.6586,2,2018,maharashtra
Merchant payments,1306326,1226121649.498959,2,2018,maharashtra
Financial Services,262875,85545909.43528841,2,2018,maharashtra
Others,559987,536758077.84638786,2,2018,maharashtra
Recharge & bill payments,14371791,4547486090.186737,3,2018,maharashtra
Peer-to-peer payments,13470065,45466534003.980484,3,2018,maharashtra
Merchant payments,2797204,1702220875.434385,3,2018,maharashtra
Financial Services,234598,52348968.006728604,3,2018,maharashtra
Others,664880,492227795.6386977,3,2018,maharashtra
Peer-to-peer payments,20824667,68974011019.10294,4,2018,maharashtra
Recharge & bill payments,18071025,5860865070.470685,4,2018,maharashtra
Merchant payments,6047705,3985195742.248014,4,2018,maharashtra
Financial Services,325121,77345546.53012432,4,2018,maharashtra
Others,821705,621519669.4818641,4,2018,maharashtra
Peer-to-peer payments,37360716,97373087988.0887,1,2019,maharashtra
Recharge & bill payments,24540041,8256500586.651281,1,2019,maharashtra
Merchant payments,12069119,5172594695.5318,1,2019,maharashtra
Financial Services,287569,49487746.20873056,1,2019,maharashtra
Others,821624,569019903.8604957,1,2019,maharashtra
Peer-to-peer payments,42546317,130558153687.95421,2,2019,maharashtra
Recharge & bill payments,29395661,12197234771.43427,2,2019,maharashtra
Merchant payments,27854042,9728561726.767143,2,2019,maharashtra
Financial Services,182840,45291636.105074815,2,2019,maharashtra
Others,1170993,765228265.7976472,2,2019,maharashtra
Peer-to-peer payments,57991699,165731686168.55753,3,2019,maharashtra
Merchant payments,54683738,17545729507.39597,3,2019,maharashtra
Recharge & bill payments,34309301,15471698543.73959,3,2019,maharashtra
Financial Services,231467,54108447.39407451,3,2019,maharashtra
Others,1519376,814284077.8637519,3,2019,maharashtra
Merchant payments,80127804,27209874138.487553,4,2019,maharashtra
Peer-to-peer payments,78795871,227268054757.21692,4,2019,maharashtra
Recharge & bill payments,40705998,17794666215.04444,4,2019,maharashtra
Financial Services,129755,49622863.824426055,4,2019,maharashtra
Others,1501192,672210824.9770112,4,2019,maharashtra
Merchant payments,100337738,35200130304.82776,1,2020,maharashtra
Peer-to-peer payments,87067410,262541205695.8384,1,2020,maharashtra
Recharge & bill payments,50199498,21603565070.425602,1,2020,maharashtra
Financial Services,123476,91363684.1276232,1,2020,maharashtra
Others,1215959,558931962.876125,1,2020,maharashtra
Peer-to-peer payments,74295930,239933338682.6934,2,2020,maharashtra
Recharge & bill payments,60856480,23112343247.416138,2,2020,maharashtra
Merchant payments,48965388,32859184582.21904,2,2020,maharashtra
Financial Services,206461,211733275.7829895,2,2020,maharashtra
Others,466502,242917371.3033281,2,2020,maharashtra
Peer-to-peer payments,108436214,351555554813.2122,3,2020,maharashtra
Merchant payments,100808237,60171102123.94888,3,2020,maharashtra
Recharge & bill payments,58082283,27915727882.59293,3,2020,maharashtra
Financial Services,325453,333669599.6188361,3,2020,maharashtra
Others,658737,331024593.0721529,3,2020,maharashtra
Merchant payments,189845640,103804638603.7461,4,2020,maharashtra
Peer-to-peer payments,151741840,485747881733.82294,4,2020,maharashtra
Recharge & bill payments,64556682,31556917821.77767,4,2020,maharashtra
Financial Services,398409,418399992.53957707,4,2020,maharashtra
Others,1078433,627692680.4078207,4,2020,maharashtra
Merchant payments,253043309,129493046208.1572,1,2021,maharashtra
Peer-to-peer payments,187021609,599213284361.7993,1,2021,maharashtra
Recharge & bill payments,76389103,40057211827.159615,1,2021,maharashtra
Financial Services,439551,492900202.6831521,1,2021,maharashtra
Others,966668,630909553.4508264,1,2021,maharashtra
Merchant payments,247194293,150864465217.023,2,2021,maharashtra
Peer-to-peer payments,228551961,719859665693.5271,2,2021,maharashtra
Recharge & bill payments,96271138,43154405548.44597,2,2021,maharashtra
Financial Services,504252,536780917.03591573,2,2021,maharashtra
Others,1094842,699738247.6695637,2,2021,maharashtra
Merchant payments,390051884,216701984638.98932,3,2021,maharashtra
Peer-to-peer payments,296951706,890860873379.5576,3,2021,maharashtra
Recharge & bill payments,103943973,50242023586.05604,3,2021,maharashtra
Financial Services,448646,579098938.658318,3,2021,maharashtra
Others,1477851,873324624.1826177,3,2021,maharashtra
Merchant payments,540351277,305512280091.4157,4,2021,maharashtra
Peer-to-peer payments,361865450,1109862480618.222,4,2021,maharashtra
Recharge & bill payments,105990417,58087950922.43887,4,2021,maharashtra
Financial Services,606265,707102765.3058928,4,2021,maharashtra
Others,1918093,1188658731.117536,4,2021,maharashtra
Merchant payments,646277671,340240479374.3683,1,2022,maharashtra
Peer-to-peer payments,411989717,1274889182430.209,1,2022,maharashtra
Recharge & bill payments,108896881,64507860103.55089,1,2022,maharashtra
Financial Services,583243,677612619.2786882,1,2022,maharashtra
Others,1758926,1084139453.7274752,1,2022,maharashtra
Merchant payments,810961772,428469294407.1603,2,2022,maharashtra
Peer-to-peer payments,470258043,1501201968773.811,2,2022,maharashtra
Recharge & bill payments,124280427,75110969246.16316,2,2022,maharashtra
Financial Services,490152,559321829.4503716,2,2022,maharashtra
Others,1542719,930827919.3035389,2,2022,maharashtra
Merchant payments,876618082,432250721734.13074,3,2022,maharashtra
Peer-to-peer payments,483481713,1434565548650.913,3,2022,maharashtra
Recharge & bill payments,124545840,79360150487.36568,3,2022,maharashtra
Financial Services,521362,571583115.6687979,3,2022,maharashtra
Others,1222420,831183386.4681726,3,2022,maharashtra
Merchant payments,1025666187,502660888415.46185,4,2022,maharashtra
Peer-to-peer payments,535142126,1622619308526.9612,4,2022,maharashtra
Recharge & bill payments,126118544,83576414221.03232,4,2022,maharashtra
Financial Services,620124,699276779.1906543,4,2022,maharashtra
Others,1228291,914951674.4842073,4,2022,maharashtra
Recharge & bill payments,50212,6463184.554711691,1,2018,manipur
Peer-to-peer payments,26382,115495173.5579644,1,2018,manipur
Financial Services,2660,412579.53985461866,1,2018,manipur
Merchant payments,1614,3616475.6407912206,1,2018,manipur
Others,3201,2058760.6368871084,1,2018,manipur
Recharge & bill payments,77991,11541247.78442091,2,2018,manipur
Peer-to-peer payments,60365,232157389.79148027,2,2018,manipur
Financial Services,5992,1241901.2660397931,2,2018,manipur
Merchant payments,4041,5366759.827729835,2,2018,manipur
Others,3332,2902422.6498233806,2,2018,manipur
Peer-to-peer payments,95204,357768750.1845896,3,2018,manipur
Recharge & bill payments,81323,13912990.484925142,3,2018,manipur
Merchant payments,7396,9180953.977358334,3,2018,manipur
Financial Services,2577,333081.6368315,3,2018,manipur
Others,2758,2135468.510417797,3,2018,manipur
Recharge & bill payments,113507,18898063.28238317,4,2018,manipur
Peer-to-peer payments,104872,562009595.9601889,4,2018,manipur
Merchant payments,13333,20685433.284307167,4,2018,manipur
Financial Services,1452,307325.2437723951,4,2018,manipur
Others,2946,3783141.5353601985,4,2018,manipur
Peer-to-peer payments,127067,619919870.7455351,1,2019,manipur
Recharge & bill payments,120000,22106830.36914923,1,2019,manipur
Merchant payments,15190,14580183.380707521,1,2019,manipur
Financial Services,800,174777.17283837448,1,2019,manipur
Others,2352,3116398.755848917,1,2019,manipur
Peer-to-peer payments,120153,679785849.1398684,2,2019,manipur
Recharge & bill payments,116500,23573234.27306028,2,2019,manipur
Merchant payments,18044,15996651.145700552,2,2019,manipur
Financial Services,387,91955.01538259834,2,2019,manipur
Others,2341,3342252.5754885403,2,2019,manipur
Recharge & bill payments,180057,36634657.049143404,3,2019,manipur
Peer-to-peer payments,144965,803335616.6325191,3,2019,manipur
Merchant payments,17683,20490224.44304125,3,2019,manipur
Financial Services,358,367865.7884662621,3,2019,manipur
Others,1945,2723638.649764262,3,2019,manipur
Recharge & bill payments,212136,44202546.5739608,4,2019,manipur
Peer-to-peer payments,211927,1123258478.445069,4,2019,manipur
Merchant payments,23094,30486780.44638214,4,2019,manipur
Financial Services,548,240641.7657683481,4,2019,manipur
Others,1639,2709234.857456133,4,2019,manipur
Peer-to-peer payments,451733,2458093401.740467,1,2020,manipur
Recharge & bill payments,285234,62688260.37954809,1,2020,manipur
Merchant payments,78067,74202067.0664826,1,2020,manipur
Financial Services,622,354184.4660589617,1,2020,manipur
Others,3145,3252467.2243867153,1,2020,manipur
Peer-to-peer payments,533206,2980242535.0754433,2,2020,manipur
Recharge & bill payments,450830,107589094.2989046,2,2020,manipur
Merchant payments,92110,106540409.2988668,2,2020,manipur
Financial Services,1676,1457570.8004862315,2,2020,manipur
Others,5246,3106603.331810386,2,2020,manipur
Peer-to-peer payments,774786,4301284799.331292,3,2020,manipur
Recharge & bill payments,464659,113190539.1496906,3,2020,manipur
Merchant payments,170653,195132026.6311202,3,2020,manipur
Financial Services,1878,1593035.944066228,3,2020,manipur
Others,8192,4775719.8143366445,3,2020,manipur
Peer-to-peer payments,892853,5172499337.5304365,4,2020,manipur
Recharge & bill payments,436450,114202616.34869759,4,2020,manipur
Merchant payments,289050,307902115.3820773,4,2020,manipur
Financial Services,1806,2448402.9142817147,4,2020,manipur
Others,7693,5172086.283260544,4,2020,manipur
Peer-to-peer payments,1117829,6402367883.667422,1,2021,manipur
Recharge & bill payments,796590,223955812.5864439,1,2021,manipur
Merchant payments,377280,433297594.1352152,1,2021,manipur
Financial Services,3398,4385333.1754908115,1,2021,manipur
Others,8438,6280890.914669826,1,2021,manipur
Peer-to-peer payments,1372821,7041837917.785187,2,2021,manipur
Recharge & bill payments,1187952,305103750.5728581,2,2021,manipur
Merchant payments,510734,531484849.4914169,2,2021,manipur
Financial Services,4165,4256098.232237183,2,2021,manipur
Others,10603,7145346.314942012,2,2021,manipur
Peer-to-peer payments,1819423,9134806594.528189,3,2021,manipur
Recharge & bill payments,1368584,367664440.5323726,3,2021,manipur
Merchant payments,735707,889317377.086526,3,2021,manipur
Financial Services,3460,5625517.975461649,3,2021,manipur
Others,14222,9447098.78230339,3,2021,manipur
Peer-to-peer payments,2199970,10998828287.529041,4,2021,manipur
Recharge & bill payments,1451488,412791673.80376637,4,2021,manipur
Merchant payments,1013985,1229517397.456187,4,2021,manipur
Financial Services,4671,5941100.580610943,4,2021,manipur
Others,17325,11393578.84222715,4,2021,manipur
Peer-to-peer payments,2517626,12169368063.4095,1,2022,manipur
Recharge & bill payments,1528476,469035958.3484127,1,2022,manipur
Merchant payments,1247205,1489604137.209088,1,2022,manipur
Financial Services,4878,6057615.527015026,1,2022,manipur
Others,15494,10435303.87979853,1,2022,manipur
Peer-to-peer payments,2843426,12704512238.8096,2,2022,manipur
Merchant payments,1709547,1757831052.0706978,2,2022,manipur
Recharge & bill payments,1533778,448637966.718931,2,2022,manipur
Financial Services,4069,4753628.558008127,2,2022,manipur
Others,14812,7175748.992065379,2,2022,manipur
Peer-to-peer payments,3127266,12927705072.13747,3,2022,manipur
Merchant payments,1829741,2010460357.0881658,3,2022,manipur
Recharge & bill payments,1379911,432182393.8403873,3,2022,manipur
Financial Services,4524,4671353.405444902,3,2022,manipur
Others,11300,6411090.828254536,3,2022,manipur
Peer-to-peer payments,3259645,13133729481.472109,4,2022,manipur
Merchant payments,1828984,2074698993.4220653,4,2022,manipur
Recharge & bill payments,1325391,406031254.0798015,4,2022,manipur
Financial Services,4691,5754919.963910458,4,2022,manipur
Others,9959,5742049.403589871,4,2022,manipur
Recharge & bill payments,31857,6028476.149090356,1,2018,meghalaya
Peer-to-peer payments,13274,55943496.515886314,1,2018,meghalaya
Merchant payments,1605,2395888.4397623385,1,2018,meghalaya
Financial Services,532,144318.2545571151,1,2018,meghalaya
Others,2303,1738080.43060439,1,2018,meghalaya
Recharge & bill payments,42625,9657896.164724296,2,2018,meghalaya
Peer-to-peer payments,19894,101140464.66239841,2,2018,meghalaya
Merchant payments,2929,3663446.436220131,2,2018,meghalaya
Financial Services,592,580648.3434132106,2,2018,meghalaya
Others,1817,1962212.2350756058,2,2018,meghalaya
Recharge & bill payments,60625,14231601.45337125,3,2018,meghalaya
Peer-to-peer payments,40832,187460582.0575471,3,2018,meghalaya
Merchant payments,5802,5458930.689379572,3,2018,meghalaya
Financial Services,748,552674.5783359876,3,2018,meghalaya
Others,2283,2149872.755760235,3,2018,meghalaya
Recharge & bill payments,82962,18100891.63734417,4,2018,meghalaya
Peer-to-peer payments,58952,301941442.7059927,4,2018,meghalaya
Merchant payments,15768,14434314.19334248,4,2018,meghalaya
Financial Services,763,190875.18848979956,4,2018,meghalaya
Others,2687,2918155.2795046642,4,2018,meghalaya
Recharge & bill payments,98817,23006751.7955049,1,2019,meghalaya
Peer-to-peer payments,90694,358932132.1046898,1,2019,meghalaya
Merchant payments,16073,14297275.23052785,1,2019,meghalaya
Financial Services,659,62335.064750311045,1,2019,meghalaya
Others,2498,2738667.957962149,1,2019,meghalaya
Recharge & bill payments,108812,27248605.429233354,2,2019,meghalaya
Peer-to-peer payments,97407,446537199.1735683,2,2019,meghalaya
Merchant payments,22588,15600927.00662913,2,2019,meghalaya
Financial Services,460,106800.75308155928,2,2019,meghalaya
Others,3019,3437756.744766518,2,2019,meghalaya
Recharge & bill payments,155949,38916251.421657145,3,2019,meghalaya
Peer-to-peer payments,116168,546221812.6889315,3,2019,meghalaya
Merchant payments,31201,23461321.88981022,3,2019,meghalaya
Financial Services,421,584192.9488108774,3,2019,meghalaya
Others,2811,3035023.204323471,3,2019,meghalaya
Recharge & bill payments,175084,43611775.02621875,4,2019,meghalaya
Peer-to-peer payments,163734,670870023.4297696,4,2019,meghalaya
Merchant payments,24430,25344714.50557894,4,2019,meghalaya
Financial Services,382,124511.63613216748,4,2019,meghalaya
Others,2351,2485447.192519395,4,2019,meghalaya
Recharge & bill payments,226214,59666071.21530793,1,2020,meghalaya
Peer-to-peer payments,216022,1013733312.3935759,1,2020,meghalaya
Merchant payments,57245,44125206.34755945,1,2020,meghalaya
Financial Services,473,402779.89033132966,1,2020,meghalaya
Others,2329,2207471.061039081,1,2020,meghalaya
Recharge & bill payments,382662,100570200.2527169,2,2020,meghalaya
Peer-to-peer payments,202270,998750895.9111594,2,2020,meghalaya
Merchant payments,46014,48980521.41595118,2,2020,meghalaya
Financial Services,1186,2944583.114737345,2,2020,meghalaya
Others,3263,2488953.643832149,2,2020,meghalaya
Recharge & bill payments,342484,97662913.13408674,3,2020,meghalaya
Peer-to-peer payments,194448,1065012681.71261,3,2020,meghalaya
Merchant payments,55595,67511647.1349487,3,2020,meghalaya
Financial Services,1587,4049966.8133478058,3,2020,meghalaya
Others,3465,2821792.5880408054,3,2020,meghalaya
Recharge & bill payments,350006,102794647.7641504,4,2020,meghalaya
Peer-to-peer payments,286252,1579858348.067054,4,2020,meghalaya
Merchant payments,111471,115136797.58942299,4,2020,meghalaya
Financial Services,1809,2774557.112070617,4,2020,meghalaya
Others,4470,3678221.666272167,4,2020,meghalaya
Peer-to-peer payments,326993,1794745857.318895,1,2021,meghalaya
Recharge & bill payments,306634,106098525.6561472,1,2021,meghalaya
Merchant payments,108805,147747773.0189682,1,2021,meghalaya
Financial Services,1777,3981898.0457751974,1,2021,meghalaya
Others,3437,2941223.950049905,1,2021,meghalaya
Recharge & bill payments,389959,129031455.70772581,2,2021,meghalaya
Peer-to-peer payments,366411,1885041503.797046,2,2021,meghalaya
Merchant payments,147406,173894963.0043967,2,2021,meghalaya
Financial Services,1766,2306496.854595862,2,2021,meghalaya
Others,4052,3342835.5268340455,2,2021,meghalaya
Peer-to-peer payments,473274,2348008593.21644,3,2021,meghalaya
Recharge & bill payments,418429,144363692.7522,3,2021,meghalaya
Merchant payments,199427,270311210.89072233,3,2021,meghalaya
Financial Services,1556,2379067.1150075165,3,2021,meghalaya
Others,5045,3937887.553600684,3,2021,meghalaya
Peer-to-peer payments,669693,3233210261.728197,4,2021,meghalaya
Recharge & bill payments,447310,165277548.4594013,4,2021,meghalaya
Merchant payments,314445,442464385.0377933,4,2021,meghalaya
Financial Services,1989,2464327.9242311358,4,2021,meghalaya
Others,6756,5348877.036531466,4,2021,meghalaya
Peer-to-peer payments,801009,3899172008.7001147,1,2022,meghalaya
Recharge & bill payments,459530,192026788.60457042,1,2022,meghalaya
Merchant payments,405859,563004043.9315958,1,2022,meghalaya
Financial Services,2134,3019251.8598936894,1,2022,meghalaya
Others,6218,5116238.235718384,1,2022,meghalaya
Peer-to-peer payments,977816,4359000096.157877,2,2022,meghalaya
Merchant payments,591364,714995836.5962032,2,2022,meghalaya
Recharge & bill payments,467745,200896879.69103923,2,2022,meghalaya
Financial Services,1880,2406087.095158501,2,2022,meghalaya
Others,5844,4192522.344518611,2,2022,meghalaya
Peer-to-peer payments,2050942,7796315453.507147,3,2022,meghalaya
Merchant payments,1486098,1468318733.135396,3,2022,meghalaya
Recharge & bill payments,810017,330230375.9276109,3,2022,meghalaya
Financial Services,3504,3106775.3857113793,3,2022,meghalaya
Others,8604,5329459.165683068,3,2022,meghalaya
Peer-to-peer payments,1901671,7328913724.3339405,4,2022,meghalaya
Merchant payments,1334431,1381013596.832624,4,2022,meghalaya
Recharge & bill payments,685678,278377945.4316914,4,2022,meghalaya
Financial Services,3544,3564357.119764914,4,2022,meghalaya
Others,7124,4671532.630633753,4,2022,meghalaya
Recharge & bill payments,10155,2199565.258913744,1,2018,mizoram
Peer-to-peer payments,6845,41186717.27800166,1,2018,mizoram
Merchant payments,616,1066002.1670622267,1,2018,mizoram
Financial Services,260,65022.49896840689,1,2018,mizoram
Others,685,709912.772844791,1,2018,mizoram
Recharge & bill payments,13550,3107406.501616686,2,2018,mizoram
Peer-to-peer payments,11427,77040044.25291511,2,2018,mizoram
Merchant payments,1310,2368711.975892641,2,2018,mizoram
Financial Services,167,60939.77304627103,2,2018,mizoram
Others,597,931303.0542636234,2,2018,mizoram
Peer-to-peer payments,18564,108783543.9098094,3,2018,mizoram
Recharge & bill payments,17610,4050433.5962071815,3,2018,mizoram
Merchant payments,2310,2952533.8004545765,3,2018,mizoram
Financial Services,240,43891.23943201654,3,2018,mizoram
Others,592,770335.5794872268,3,2018,mizoram
Peer-to-peer payments,26212,177049162.13058332,4,2018,mizoram
Recharge & bill payments,24533,5523702.976434887,4,2018,mizoram
Merchant payments,3699,6911586.608122997,4,2018,mizoram
Financial Services,145,35654.18337878893,4,2018,mizoram
Others,653,906746.6310095722,4,2018,mizoram
Peer-to-peer payments,35126,204183867.4116538,1,2019,mizoram
Recharge & bill payments,30327,6760113.704148788,1,2019,mizoram
Merchant payments,3984,6470456.031897823,1,2019,mizoram
Financial Services,133,33512.39606736117,1,2019,mizoram
Others,736,712945.8536347556,1,2019,mizoram
Peer-to-peer payments,37364,233471780.00357,2,2019,mizoram
Recharge & bill payments,31903,7823562.397702506,2,2019,mizoram
Merchant payments,5646,5889316.861228463,2,2019,mizoram
Financial Services,80,14455.380988399309,2,2019,mizoram
Others,678,817593.4915248882,2,2019,mizoram
Recharge & bill payments,49073,12966806.696277108,3,2019,mizoram
Peer-to-peer payments,42645,257538220.2277506,3,2019,mizoram
Merchant payments,5560,7397529.021326996,3,2019,mizoram
Financial Services,94,72985.31151294889,3,2019,mizoram
Others,722,818358.6944744462,3,2019,mizoram
Recharge & bill payments,60511,16857122.3073061,4,2019,mizoram
Peer-to-peer payments,57109,341664291.49368536,4,2019,mizoram
Merchant payments,6939,9451111.139352825,4,2019,mizoram
Financial Services,100,20966.3333050078,4,2019,mizoram
Others,580,695859.360839114,4,2019,mizoram
Recharge & bill payments,85067,24356294.58523286,1,2020,mizoram
Peer-to-peer payments,57916,356260523.23262954,1,2020,mizoram
Merchant payments,9961,10404414.59250477,1,2020,mizoram
Financial Services,119,283854.3188381147,1,2020,mizoram
Others,546,772492.6204317764,1,2020,mizoram
Recharge & bill payments,127592,37504550.777320914,2,2020,mizoram
Peer-to-peer payments,60021,404110075.08639586,2,2020,mizoram
Merchant payments,10056,14627463.66427093,2,2020,mizoram
Financial Services,244,434960.2799078573,2,2020,mizoram
Others,549,516383.63442262856,2,2020,mizoram
Recharge & bill payments,132664,40941077.03285695,3,2020,mizoram
Peer-to-peer payments,99644,634560147.35069,3,2020,mizoram
Merchant payments,20934,30693648.23645142,3,2020,mizoram
Financial Services,535,824864.513127287,3,2020,mizoram
Others,926,924438.3714747172,3,2020,mizoram
Peer-to-peer payments,141038,887252744.0676681,4,2020,mizoram
Recharge & bill payments,140297,45386403.17281592,4,2020,mizoram
Merchant payments,39676,52094800.565094605,4,2020,mizoram
Financial Services,607,855201.5881157237,4,2020,mizoram
Others,989,932966.3002634952,4,2020,mizoram
Peer-to-peer payments,156386,982955112.1892779,1,2021,mizoram
Recharge & bill payments,128055,45558278.223239526,1,2021,mizoram
Merchant payments,43511,70289687.94622748,1,2021,mizoram
Financial Services,648,1330632.9787811027,1,2021,mizoram
Others,975,971875.6084117102,1,2021,mizoram
Peer-to-peer payments,173064,995581952.9034051,2,2021,mizoram
Recharge & bill payments,161763,56059844.23965932,2,2021,mizoram
Merchant payments,57877,69528721.40156102,2,2021,mizoram
Financial Services,611,710657.5065644829,2,2021,mizoram
Others,1025,993297.250902934,2,2021,mizoram
Peer-to-peer payments,224873,1290523196.259221,3,2021,mizoram
Recharge & bill payments,177281,67493206.62394348,3,2021,mizoram
Merchant payments,74553,113697005.8982099,3,2021,mizoram
Financial Services,522,806905.9729422838,3,2021,mizoram
Others,1300,1228335.4576346257,3,2021,mizoram
Peer-to-peer payments,272209,1545255603.41191,4,2021,mizoram
Recharge & bill payments,179405,67548806.84754582,4,2021,mizoram
Merchant payments,99265,154183940.7282649,4,2021,mizoram
Financial Services,695,2202285.707728365,4,2021,mizoram
Others,1755,1475104.827591939,4,2021,mizoram
Peer-to-peer payments,302740,1691281089.989316,1,2022,mizoram
Recharge & bill payments,190137,76541062.33691594,1,2022,mizoram
Merchant payments,109669,174157725.4146987,1,2022,mizoram
Financial Services,731,1657575.282816791,1,2022,mizoram
Others,1640,1521510.587498479,1,2022,mizoram
Peer-to-peer payments,332102,1739114390.301662,2,2022,mizoram
Recharge & bill payments,172281,70775723.34635986,2,2022,mizoram
Merchant payments,137279,191484723.7683956,2,2022,mizoram
Financial Services,656,801633.2114598342,2,2022,mizoram
Others,1659,1010096.4810587188,2,2022,mizoram
Peer-to-peer payments,349715,1665955694.984817,3,2022,mizoram
Recharge & bill payments,156874,68463689.80469276,3,2022,mizoram
Merchant payments,150320,209934220.2832684,3,2022,mizoram
Financial Services,802,880187.5512756812,3,2022,mizoram
Others,1327,1031819.4438998674,3,2022,mizoram
Peer-to-peer payments,378295,1750113148.3068101,4,2022,mizoram
Merchant payments,164389,222455759.17733783,4,2022,mizoram
Recharge & bill payments,148573,63477925.042983845,4,2022,mizoram
Financial Services,932,949850.198945797,4,2022,mizoram
Others,1585,914402.5369417528,4,2022,mizoram
Recharge & bill payments,28198,5361675.549623315,1,2018,nagaland
Peer-to-peer payments,11631,69830122.02063876,1,2018,nagaland
Merchant payments,822,1170667.4151649117,1,2018,nagaland
Financial Services,399,299016.7345620737,1,2018,nagaland
Others,1795,1344409.3661360394,1,2018,nagaland
Recharge & bill payments,41959,9139467.703980098,2,2018,nagaland
Peer-to-peer payments,20099,140193107.6968359,2,2018,nagaland
Merchant payments,1529,2293935.490835924,2,2018,nagaland
Financial Services,379,153458.5231626137,2,2018,nagaland
Others,1633,1545608.465487119,2,2018,nagaland
Recharge & bill payments,54885,12664922.72411738,3,2018,nagaland
Peer-to-peer payments,33930,223964723.15160477,3,2018,nagaland
Merchant payments,3518,3631042.2777308393,3,2018,nagaland
Financial Services,460,125171.61850935029,3,2018,nagaland
Others,1578,1406883.1646908007,3,2018,nagaland
Recharge & bill payments,72881,16615511.420430308,4,2018,nagaland
Peer-to-peer payments,53723,358926253.4309472,4,2018,nagaland
Merchant payments,10350,10500634.794542968,4,2018,nagaland
Financial Services,587,216127.40846239947,4,2018,nagaland
Others,1792,1754940.4912408509,4,2018,nagaland
Recharge & bill payments,87596,20020458.076388802,1,2019,nagaland
Peer-to-peer payments,71642,411855878.2498224,1,2019,nagaland
Merchant payments,7306,8187940.322092213,1,2019,nagaland
Financial Services,430,101072.89773317604,1,2019,nagaland
Others,1605,1776362.8662935253,1,2019,nagaland
Recharge & bill payments,92492,21350211.077814262,2,2019,nagaland
Peer-to-peer payments,81065,487705354.4657044,2,2019,nagaland
Merchant payments,12949,8990954.079767609,2,2019,nagaland
Financial Services,286,129758.00259777348,2,2019,nagaland
Others,1961,1890404.5326202572,2,2019,nagaland
Recharge & bill payments,145812,33293527.932100527,3,2019,nagaland
Peer-to-peer payments,100736,601803135.4703114,3,2019,nagaland
Merchant payments,13031,13381591.199777829,3,2019,nagaland
Financial Services,210,229319.84921986386,3,2019,nagaland
Others,2089,2248897.2620018576,3,2019,nagaland
Recharge & bill payments,172761,39720745.59767096,4,2019,nagaland
Peer-to-peer payments,128674,777298578.6127516,4,2019,nagaland
Merchant payments,13578,15460907.22890028,4,2019,nagaland
Financial Services,499,283291.7740842187,4,2019,nagaland
Others,1658,1773615.1353679793,4,2019,nagaland
Recharge & bill payments,221741,53662023.320165426,1,2020,nagaland
Peer-to-peer payments,135966,821508819.5893909,1,2020,nagaland
Merchant payments,18249,17663339.36989499,1,2020,nagaland
Financial Services,528,215066.78349539996,1,2020,nagaland
Others,1567,1730779.6714233835,1,2020,nagaland
Recharge & bill payments,328269,85264116.11779374,2,2020,nagaland
Peer-to-peer payments,166866,1025000209.957431,2,2020,nagaland
Merchant payments,20004,25214703.91023749,2,2020,nagaland
Financial Services,860,989239.9671938312,2,2020,nagaland
Others,1567,1206234.3951445608,2,2020,nagaland
Recharge & bill payments,347494,91214897.18744522,3,2020,nagaland
Peer-to-peer payments,330638,1851638119.5398219,3,2020,nagaland
Merchant payments,51912,62568884.132165715,3,2020,nagaland
Financial Services,2544,2136903.0242114514,3,2020,nagaland
Others,3731,2090339.2711506593,3,2020,nagaland
Peer-to-peer payments,417393,2563827858.048714,4,2020,nagaland
Recharge & bill payments,335297,91929581.87730268,4,2020,nagaland
Merchant payments,90496,113115660.1740555,4,2020,nagaland
Financial Services,1068,1017278.309874404,4,2020,nagaland
Others,3571,3194492.1527384534,4,2020,nagaland
Peer-to-peer payments,477346,2841021698.4844904,1,2021,nagaland
Recharge & bill payments,376473,110095189.5931618,1,2021,nagaland
Merchant payments,116846,151202427.14605328,1,2021,nagaland
Financial Services,1511,1929643.694251965,1,2021,nagaland
Others,3721,3201525.695241506,1,2021,nagaland
Peer-to-peer payments,526966,2847731457.571479,2,2021,nagaland
Recharge & bill payments,453979,126962524.74536932,2,2021,nagaland
Merchant payments,144413,176831583.13676438,2,2021,nagaland
Financial Services,1624,1785915.6371230448,2,2021,nagaland
Others,3809,2982482.691132756,2,2021,nagaland
Peer-to-peer payments,667633,3536780176.7792263,3,2021,nagaland
Recharge & bill payments,474693,141172028.2389747,3,2021,nagaland
Merchant payments,208387,304493279.8158357,3,2021,nagaland
Financial Services,1437,1634878.888862805,3,2021,nagaland
Others,4642,3336484.2825483214,3,2021,nagaland
Peer-to-peer payments,819452,4335295237.9809065,4,2021,nagaland
Recharge & bill payments,492411,154359432.07659012,4,2021,nagaland
Merchant payments,311673,442578210.0882374,4,2021,nagaland
Financial Services,1790,2263055.5218537706,4,2021,nagaland
Others,6157,4587848.468888722,4,2021,nagaland
Peer-to-peer payments,963378,4798355631.574022,1,2022,nagaland
Recharge & bill payments,529038,175942440.62210852,1,2022,nagaland
Merchant payments,425336,563650239.9471383,1,2022,nagaland
Financial Services,2022,2503998.824974763,1,2022,nagaland
Others,6178,4499397.927512417,1,2022,nagaland
Peer-to-peer payments,1032542,4933041257.229492,2,2022,nagaland
Merchant payments,513456,640665988.1540828,2,2022,nagaland
Recharge & bill payments,479322,162238616.41478142,2,2022,nagaland
Financial Services,1547,1519503.219426635,2,2022,nagaland
Others,4462,2819984.0024981033,2,2022,nagaland
Peer-to-peer payments,990896,4568905305.863961,3,2022,nagaland
Merchant payments,467257,642368278.6360128,3,2022,nagaland
Recharge & bill payments,430854,148324294.672107,3,2022,nagaland
Financial Services,1479,2345498.6025009975,3,2022,nagaland
Others,3627,2457117.2762476145,3,2022,nagaland
Peer-to-peer payments,1314122,5888068476.789,4,2022,nagaland
Merchant payments,647805,906834415.4525999,4,2022,nagaland
Recharge & bill payments,508230,170028535.796474,4,2022,nagaland
Financial Services,2104,1909585.0695077945,4,2022,nagaland
Others,3944,3125371.2064643847,4,2022,nagaland
Recharge & bill payments,2874109,331254466.1508661,1,2018,odisha
Peer-to-peer payments,2305610,4033548999.193231,1,2018,odisha
Financial Services,323352,58099674.94576137,1,2018,odisha
Merchant payments,129659,112301341.6661862,1,2018,odisha
Others,177091,92427728.93143727,1,2018,odisha
Peer-to-peer payments,3989202,7621288195.565702,2,2018,odisha
Recharge & bill payments,3307545,482823290.3527084,2,2018,odisha
Financial Services,472304,67829259.91787937,2,2018,odisha
Merchant payments,257628,213530873.3537121,2,2018,odisha
Others,131465,102838720.4296912,2,2018,odisha
Peer-to-peer payments,24472139,22029087498.56217,3,2018,odisha
Recharge & bill payments,3886392,605721781.5285043,3,2018,odisha
Financial Services,836547,97292154.49117659,3,2018,odisha
Merchant payments,729995,275532813.4193075,3,2018,odisha
Others,127082,86881527.58366849,3,2018,odisha
Peer-to-peer payments,12285028,21804268077.596012,4,2018,odisha
Recharge & bill payments,5142124,773017649.5916129,4,2018,odisha
Merchant payments,3061813,682181415.8729986,4,2018,odisha
Financial Services,495495,55534399.30905172,4,2018,odisha
Others,158338,114868029.19162309,4,2018,odisha
Peer-to-peer payments,24117274,33342321630.61351,1,2019,odisha
Recharge & bill payments,6713747,1120730273.3482149,1,2019,odisha
Merchant payments,2690762,821493664.580642,1,2019,odisha
Financial Services,375910,34542738.88908587,1,2019,odisha
Others,134249,108039623.2681906,1,2019,odisha
Peer-to-peer payments,16455353,41423292021.95663,2,2019,odisha
Recharge & bill payments,7845252,1506620072.662459,2,2019,odisha
Merchant payments,4827067,1664621261.260024,2,2019,odisha
Financial Services,202705,20424212.30787918,2,2019,odisha
Others,181647,139897303.4868461,2,2019,odisha
Peer-to-peer payments,18490877,51447586885.48035,3,2019,odisha
Merchant payments,13984738,3895753253.334454,3,2019,odisha
Recharge & bill payments,8565917,1806123698.460937,3,2019,odisha
Financial Services,195034,31079934.75864201,3,2019,odisha
Others,185706,124033587.18883921,3,2019,odisha
Peer-to-peer payments,43284477,72966050937.29504,4,2019,odisha
Recharge & bill payments,10629461,2290841668.304525,4,2019,odisha
Merchant payments,10601703,4395710870.154251,4,2019,odisha
Financial Services,323887,38782542.045898676,4,2019,odisha
Others,156105,77987614.2508337,4,2019,odisha
Peer-to-peer payments,27110930,82863844732.4941,1,2020,odisha
Merchant payments,13269709,5738217250.06257,1,2020,odisha
Recharge & bill payments,13083524,3253609732.899296,1,2020,odisha
Financial Services,84037,27641460.905009564,1,2020,odisha
Others,134107,73485022.97217913,1,2020,odisha
Peer-to-peer payments,24520938,80990080777.89252,2,2020,odisha
Recharge & bill payments,17040333,4551061364.3448105,2,2020,odisha
Merchant payments,8313965,6092753944.948116,2,2020,odisha
Financial Services,66787,50322080.33851249,2,2020,odisha
Others,86553,48818444.57258892,2,2020,odisha
Peer-to-peer payments,34182172,107064668710.39911,3,2020,odisha
Recharge & bill payments,17126851,5015719823.514479,3,2020,odisha
Merchant payments,14519265,10242496366.43638,3,2020,odisha
Financial Services,90736,84971747.75755267,3,2020,odisha
Others,114805,56087156.18513397,3,2020,odisha
Peer-to-peer payments,47588728,153208735347.1269,4,2020,odisha
Merchant payments,27124765,19347472702.80409,4,2020,odisha
Recharge & bill payments,17318073,5532179002.0027895,4,2020,odisha
Financial Services,106189,104419909.66526452,4,2020,odisha
Others,187195,109856053.018205,4,2020,odisha
Peer-to-peer payments,54417515,181450436291.91052,1,2021,odisha
Merchant payments,38180718,25201936762.20583,1,2021,odisha
Recharge & bill payments,18633830,6552605937.545544,1,2021,odisha
Financial Services,87263,95064023.94844367,1,2021,odisha
Others,141032,97693172.7305285,1,2021,odisha
Peer-to-peer payments,66929109,208405882369.05438,2,2021,odisha
Merchant payments,39402607,29208847674.89984,2,2021,odisha
Recharge & bill payments,25183699,8024323050.14009,2,2021,odisha
Financial Services,102474,102761986.97553991,2,2021,odisha
Others,206448,122302396.20450991,2,2021,odisha
Peer-to-peer payments,85728576,251150860524.2256,3,2021,odisha
Merchant payments,64268830,43316348173.18004,3,2021,odisha
Recharge & bill payments,26943670,9025674783.4042,3,2021,odisha
Financial Services,97213,112383446.87807691,3,2021,odisha
Others,324385,175452005.353413,3,2021,odisha
Peer-to-peer payments,107560893,310704112799.8908,4,2021,odisha
Merchant payments,99512650,63383870318.301796,4,2021,odisha
Recharge & bill payments,26302130,10728834440.69789,4,2021,odisha
Financial Services,133004,147526652.49426863,4,2021,odisha
Others,416689,286705478.53455377,4,2021,odisha
Peer-to-peer payments,118999900,364447461107.4862,1,2022,odisha
Merchant payments,118108271,74302051597.7621,1,2022,odisha
Recharge & bill payments,26083549,12133153536.7818,1,2022,odisha
Financial Services,102802,118946014.37332991,1,2022,odisha
Others,338977,225699523.4203592,1,2022,odisha
Merchant payments,148544714,90369380298.62819,2,2022,odisha
Peer-to-peer payments,134717859,405793657448.26886,2,2022,odisha
Recharge & bill payments,29843263,13602640170.909231,2,2022,odisha
Financial Services,88649,95050158.46585183,2,2022,odisha
Others,257113,174284263.755097,2,2022,odisha
Merchant payments,188143417,102889591517.7743,3,2022,odisha
Peer-to-peer payments,161912635,444439407187.0311,3,2022,odisha
Recharge & bill payments,36270166,16916650473.3639,3,2022,odisha
Financial Services,113961,114005498.9846147,3,2022,odisha
Others,247147,185902663.39600113,3,2022,odisha
Merchant payments,222167575,121470843740.3327,4,2022,odisha
Peer-to-peer payments,186438654,512124643103.0661,4,2022,odisha
Recharge & bill payments,36735289,18266150373.351482,4,2022,odisha
Financial Services,132033,149681749.3076731,4,2022,odisha
Others,241192,205745557.94232672,4,2022,odisha
Recharge & bill payments,53125,9704752.648983236,1,2018,puducherry
Peer-to-peer payments,40303,147834476.1625061,1,2018,puducherry
Merchant payments,4163,4427034.0315394765,1,2018,puducherry
Financial Services,2086,565799.4553442572,1,2018,puducherry
Others,4535,3293909.0714630377,1,2018,puducherry
Recharge & bill payments,59867,14607336.89573175,2,2018,puducherry
Peer-to-peer payments,57751,261299695.1891191,2,2018,puducherry
Merchant payments,6904,6103101.528770715,2,2018,puducherry
Financial Services,2105,822585.95719087,2,2018,puducherry
Others,3634,2968399.9616244407,2,2018,puducherry
Peer-to-peer payments,101817,378368361.3617149,3,2018,puducherry
Recharge & bill payments,67909,19654338.11444956,3,2018,puducherry
Merchant payments,14384,16102024.275992202,3,2018,puducherry
Financial Services,1766,395306.6421075966,3,2018,puducherry
Others,4395,3138045.0999426576,3,2018,puducherry
Peer-to-peer payments,173170,569825171.3369759,4,2018,puducherry
Recharge & bill payments,95788,25159891.515702084,4,2018,puducherry
Merchant payments,29470,25999609.758757297,4,2018,puducherry
Financial Services,3490,689170.0726864681,4,2018,puducherry
Others,6046,4017822.739373042,4,2018,puducherry
Peer-to-peer payments,313822,835983054.254643,1,2019,puducherry
Recharge & bill payments,124092,32635247.52315308,1,2019,puducherry
Merchant payments,54518,33763704.68083725,1,2019,puducherry
Financial Services,3165,337570.322842385,1,2019,puducherry
Others,5495,3753447.525046112,1,2019,puducherry
Peer-to-peer payments,331248,1109343371.746654,2,2019,puducherry
Recharge & bill payments,147585,46876569.36325147,2,2019,puducherry
Merchant payments,92941,49963601.61554676,2,2019,puducherry
Financial Services,1524,469351.5481967761,2,2019,puducherry
Others,6779,4794015.854158426,2,2019,puducherry
Peer-to-peer payments,394866,1316118199.672093,3,2019,puducherry
Recharge & bill payments,158483,57003044.29549825,3,2019,puducherry
Merchant payments,156137,82601335.47825414,3,2019,puducherry
Financial Services,1090,528680.8975952889,3,2019,puducherry
Others,6250,4457097.111970215,3,2019,puducherry
Peer-to-peer payments,559670,1725523873.4421022,4,2019,puducherry
Merchant payments,249621,128039884.3866742,4,2019,puducherry
Recharge & bill payments,195707,74383571.67593375,4,2019,puducherry
Financial Services,1481,391196.1284481905,4,2019,puducherry
Others,6176,3689792.245744483,4,2019,puducherry
Peer-to-peer payments,600290,1919499665.883474,1,2020,puducherry
Merchant payments,349788,184925417.68654612,1,2020,puducherry
Recharge & bill payments,251115,96515615.43520354,1,2020,puducherry
Financial Services,1527,858236.5498234634,1,2020,puducherry
Others,5201,3478541.524535387,1,2020,puducherry
Peer-to-peer payments,468789,1680190117.583074,2,2020,puducherry
Recharge & bill payments,310746,115223074.03158061,2,2020,puducherry
Merchant payments,249951,160931601.2816711,2,2020,puducherry
Financial Services,1555,2339469.003658029,2,2020,puducherry
Others,2342,1346718.5876069884,2,2020,puducherry
Peer-to-peer payments,855511,3116583524.659765,3,2020,puducherry
Merchant payments,560420,335583369.65612596,3,2020,puducherry
Recharge & bill payments,306852,138925436.52727452,3,2020,puducherry
Financial Services,3039,4788490.3633705,3,2020,puducherry
Others,5080,2199408.2280669413,3,2020,puducherry
Peer-to-peer payments,1211359,4090057482.981204,4,2020,puducherry
Merchant payments,1108292,647985607.5763036,4,2020,puducherry
Recharge & bill payments,383707,184037245.74375978,4,2020,puducherry
Financial Services,3783,3888988.236763457,4,2020,puducherry
Others,8862,4556893.133174548,4,2020,puducherry
Peer-to-peer payments,1406958,4798646712.501944,1,2021,puducherry
Merchant payments,1385444,857787315.6292762,1,2021,puducherry
Recharge & bill payments,504499,231829246.92353854,1,2021,puducherry
Financial Services,5073,5953397.434996936,1,2021,puducherry
Others,7458,5092899.253895952,1,2021,puducherry
Peer-to-peer payments,1581221,5266478797.142262,2,2021,puducherry
Merchant payments,1437110,932602617.3169693,2,2021,puducherry
Recharge & bill payments,719252,289799593.1571478,2,2021,puducherry
Financial Services,4851,4980243.907969391,2,2021,puducherry
Others,8953,4973445.019544071,2,2021,puducherry
Merchant payments,2273996,1443176801.0606492,3,2021,puducherry
Peer-to-peer payments,2089199,6918396493.778431,3,2021,puducherry
Recharge & bill payments,741388,356068931.7441095,3,2021,puducherry
Financial Services,4733,5523949.081350253,3,2021,puducherry
Others,12410,6808255.349929206,3,2021,puducherry
Merchant payments,3052713,1864951565.928207,4,2021,puducherry
Peer-to-peer payments,2530821,8113722339.447033,4,2021,puducherry
Recharge & bill payments,762641,428453211.3120815,4,2021,puducherry
Financial Services,5995,7655925.10855468,4,2021,puducherry
Others,16640,8868759.43463589,4,2021,puducherry
Merchant payments,3723135,2199614586.4039083,1,2022,puducherry
Peer-to-peer payments,2901199,9407577501.769794,1,2022,puducherry
Recharge & bill payments,715338,460522863.7855054,1,2022,puducherry
Financial Services,6203,8184455.912082582,1,2022,puducherry
Others,13301,7575497.515363299,1,2022,puducherry
Merchant payments,4613049,2693234774.557475,2,2022,puducherry
Peer-to-peer payments,3242208,10537267921.616041,2,2022,puducherry
Recharge & bill payments,773154,535604974.5762176,2,2022,puducherry
Financial Services,4914,6556452.522381971,2,2022,puducherry
Others,10362,6081132.496780836,2,2022,puducherry
Merchant payments,3992974,2322908508.783519,3,2022,puducherry
Peer-to-peer payments,2474932,8058325855.623237,3,2022,puducherry
Recharge & bill payments,564285,463054690.5826355,3,2022,puducherry
Financial Services,4621,5514275.578545391,3,2022,puducherry
Others,5915,4514380.573011656,3,2022,puducherry
Merchant payments,4464977,2534351530.8368387,4,2022,puducherry
Peer-to-peer payments,2547018,8141612224.03406,4,2022,puducherry
Recharge & bill payments,531963,453692483.7752487,4,2022,puducherry
Financial Services,6073,7875178.045195433,4,2022,puducherry
Others,6096,4673460.483150147,4,2022,puducherry
Recharge & bill payments,946338,196018621.3585148,1,2018,punjab
Peer-to-peer payments,690684,2412434633.541393,1,2018,punjab
Merchant payments,87477,83873893.96204324,1,2018,punjab
Financial Services,60688,11162488.4232364,1,2018,punjab
Others,85246,77268587.56920797,1,2018,punjab
Recharge & bill payments,1262450,395417027.849745,2,2018,punjab
Peer-to-peer payments,1017159,4036457553.7177467,2,2018,punjab
Merchant payments,147667,159406610.2632674,2,2018,punjab
Financial Services,82256,17719391.41125809,2,2018,punjab
Others,71631,75671628.7650177,2,2018,punjab
Peer-to-peer payments,1684209,6173898400.559117,3,2018,punjab
Recharge & bill payments,1381730,622737633.7524918,3,2018,punjab
Merchant payments,274458,194883994.5757108,3,2018,punjab
Financial Services,54285,9429174.53468925,3,2018,punjab
Others,67426,64737840.399184644,3,2018,punjab
Peer-to-peer payments,2269375,9404088424.489891,4,2018,punjab
Recharge & bill payments,1817964,825449591.2410309,4,2018,punjab
Merchant payments,648096,455091549.5918779,4,2018,punjab
Financial Services,62453,11832962.87548231,4,2018,punjab
Others,89249,85520045.45150709,4,2018,punjab
Peer-to-peer payments,4026294,12027441595.71279,1,2019,punjab
Recharge & bill payments,2304690,986004867.8072443,1,2019,punjab
Merchant payments,711152,478382600.61751896,1,2019,punjab
Financial Services,45621,6871295.954710579,1,2019,punjab
Others,84380,75789641.76089522,1,2019,punjab
Peer-to-peer payments,4140474,16258891447.3214,2,2019,punjab
Recharge & bill payments,2815047,1440058991.4565232,2,2019,punjab
Merchant payments,1407963,815090878.0150015,2,2019,punjab
Financial Services,37435,6876144.454559349,2,2019,punjab
Others,108911,93875933.52482703,2,2019,punjab
Peer-to-peer payments,4726946,19146726286.636032,3,2019,punjab
Recharge & bill payments,3455594,2481094964.917083,3,2019,punjab
Merchant payments,2374014,1183743251.27342,3,2019,punjab
Financial Services,32359,7912219.734296376,3,2019,punjab
Others,117899,86338883.28250343,3,2019,punjab
Peer-to-peer payments,6386367,25564144629.75061,4,2019,punjab
Recharge & bill payments,4068332,2622222199.1884556,4,2019,punjab
Merchant payments,3122413,1741259163.367732,4,2019,punjab
Financial Services,22956,6382345.429778575,4,2019,punjab
Others,98557,55793908.455870144,4,2019,punjab
Peer-to-peer payments,6339183,26350005915.230072,1,2020,punjab
Recharge & bill payments,4935115,2767419472.650516,1,2020,punjab
Merchant payments,3838480,2196329615.39492,1,2020,punjab
Financial Services,17924,10987850.95599617,1,2020,punjab
Others,87082,49442411.66816185,1,2020,punjab
Recharge & bill payments,6064807,3089758241.128196,2,2020,punjab
Peer-to-peer payments,5639212,25074384847.498463,2,2020,punjab
Merchant payments,2290868,2058898904.36134,2,2020,punjab
Financial Services,23314,23704957.876037344,2,2020,punjab
Others,63093,37907301.34960769,2,2020,punjab
Peer-to-peer payments,7354451,32477438924.47649,3,2020,punjab
Recharge & bill payments,5478668,4066750820.640774,3,2020,punjab
Merchant payments,4261548,3490665357.2910867,3,2020,punjab
Financial Services,32390,42060249.32847581,3,2020,punjab
Others,82516,46176796.07655343,3,2020,punjab
Peer-to-peer payments,9609405,43286909256.833916,4,2020,punjab
Merchant payments,7144295,6142380827.109474,4,2020,punjab
Recharge & bill payments,6072201,4201551869.9511175,4,2020,punjab
Financial Services,38820,51677182.31632738,4,2020,punjab
Others,133204,92887343.34418695,4,2020,punjab
Peer-to-peer payments,10951083,46908632143.31532,1,2021,punjab
Merchant payments,9333364,7651004598.907397,1,2021,punjab
Recharge & bill payments,6332928,3980874403.276021,1,2021,punjab
Financial Services,43094,52009482.41407213,1,2021,punjab
Others,110366,98366463.19387977,1,2021,punjab
Peer-to-peer payments,13180933,55282486111.30394,2,2021,punjab
Merchant payments,11225598,9710508482.436422,2,2021,punjab
Recharge & bill payments,7591039,4370756868.518326,2,2021,punjab
Financial Services,46218,53309051.06501615,2,2021,punjab
Others,127460,113998049.291479,2,2021,punjab
Peer-to-peer payments,17024782,66149902036.35882,3,2021,punjab
Merchant payments,16837685,14103740968.54357,3,2021,punjab
Recharge & bill payments,8465739,5540272095.274853,3,2021,punjab
Financial Services,43789,63576666.59092563,3,2021,punjab
Others,161494,135069073.84402022,3,2021,punjab
Merchant payments,22669743,20753662875.54652,4,2021,punjab
Peer-to-peer payments,20663881,83611403637.31993,4,2021,punjab
Recharge & bill payments,8765579,6107473171.935022,4,2021,punjab
Financial Services,58581,86356456.60324253,4,2021,punjab
Others,201576,151230100.5948589,4,2021,punjab
Merchant payments,25979197,23217511696.82307,1,2022,punjab
Peer-to-peer payments,22354946,88645204328.52362,1,2022,punjab
Recharge & bill payments,9188439,6317909908.645241,1,2022,punjab
Financial Services,57561,83933665.00820544,1,2022,punjab
Others,178159,125418506.96271199,1,2022,punjab
Merchant payments,35941880,28585688543.687042,2,2022,punjab
Peer-to-peer payments,25952349,100938068541.26059,2,2022,punjab
Recharge & bill payments,10161030,7652499714.013335,2,2022,punjab
Financial Services,50483,57234782.46271806,2,2022,punjab
Others,167081,111934787.80332899,2,2022,punjab
Merchant payments,43089589,32370885165.312702,3,2022,punjab
Peer-to-peer payments,29862592,107653378074.8723,3,2022,punjab
Recharge & bill payments,11017816,9119649328.792372,3,2022,punjab
Financial Services,57979,68249938.53956848,3,2022,punjab
Others,149921,107280498.83777891,3,2022,punjab
Merchant payments,48358802,38162493193.40967,4,2022,punjab
Peer-to-peer payments,32377106,120512767954.9937,4,2022,punjab
Recharge & bill payments,10895208,9248445985.684328,4,2022,punjab
Financial Services,62809,72160390.22791913,4,2022,punjab
Others,141255,111559653.6233382,4,2022,punjab
Recharge & bill payments,4305940,868358581.1737025,1,2018,rajasthan
Peer-to-peer payments,2540658,7547652852.662634,1,2018,rajasthan
Financial Services,202537,37125466.49571308,1,2018,rajasthan
Merchant payments,184127,201212697.26059392,1,2018,rajasthan
Others,358428,271943533.1341365,1,2018,rajasthan
Recharge & bill payments,5288093,1511007056.1054273,2,2018,rajasthan
Peer-to-peer payments,3770555,13341587602.42217,2,2018,rajasthan
Merchant payments,345752,342809667.5935513,2,2018,rajasthan
Financial Services,279471,52145152.939022884,2,2018,rajasthan
Others,289826,311536696.6979239,2,2018,rajasthan
Peer-to-peer payments,7120792,21010614922.14291,3,2018,rajasthan
Recharge & bill payments,5894660,2252031409.9399676,3,2018,rajasthan
Merchant payments,711240,445504998.00142676,3,2018,rajasthan
Financial Services,230083,30185982.18078412,3,2018,rajasthan
Others,300323,302431358.9473551,3,2018,rajasthan
Peer-to-peer payments,10752729,33578327037.682453,4,2018,rajasthan
Recharge & bill payments,7557003,2743591538.832071,4,2018,rajasthan
Merchant payments,1985927,1172254323.973145,4,2018,rajasthan
Financial Services,311632,40412563.01456267,4,2018,rajasthan
Others,352432,374501619.8364362,4,2018,rajasthan
Peer-to-peer payments,27621606,55246071722.22856,1,2019,rajasthan
Recharge & bill payments,11650961,3821181816.620469,1,2019,rajasthan
Merchant payments,3921438,1664209334.568116,1,2019,rajasthan
Financial Services,359993,36340412.57538466,1,2019,rajasthan
Others,402042,373355289.5614773,1,2019,rajasthan
Peer-to-peer payments,25257679,79466464089.34059,2,2019,rajasthan
Recharge & bill payments,14968290,5709279550.854211,2,2019,rajasthan
Merchant payments,9026751,3435472167.201069,2,2019,rajasthan
Financial Services,182685,34134486.762421735,2,2019,rajasthan
Others,573881,461962878.5071422,2,2019,rajasthan
Peer-to-peer payments,29885618,97443950786.5758,3,2019,rajasthan
Merchant payments,19646612,6705923742.563935,3,2019,rajasthan
Recharge & bill payments,16970783,7872719571.602099,3,2019,rajasthan
Financial Services,217029,37899900.33366185,3,2019,rajasthan
Others,583575,407796030.8547787,3,2019,rajasthan
Peer-to-peer payments,43354317,140449134717.29102,4,2019,rajasthan
Recharge & bill payments,20604852,9028860435.054995,4,2019,rajasthan
Merchant payments,20544791,9721826538.354998,4,2019,rajasthan
Financial Services,101805,25014672.384446934,4,2019,rajasthan
Others,468477,227573686.58499062,4,2019,rajasthan
Peer-to-peer payments,48269912,165468574323.8896,1,2020,rajasthan
Merchant payments,27880848,13643061482.35596,1,2020,rajasthan
Recharge & bill payments,25631131,10961167179.813341,1,2020,rajasthan
Financial Services,72604,34466606.25327997,1,2020,rajasthan
Others,404317,200968968.69581178,1,2020,rajasthan
Peer-to-peer payments,49160792,166176386876.3004,2,2020,rajasthan
Recharge & bill payments,31681776,13014051935.53691,2,2020,rajasthan
Merchant payments,20756594,14354151782.392641,2,2020,rajasthan
Financial Services,92875,76662259.20544848,2,2020,rajasthan
Others,262619,142020149.829893,2,2020,rajasthan
Peer-to-peer payments,73247856,249006720239.33432,3,2020,rajasthan
Merchant payments,45149210,27714680562.343933,3,2020,rajasthan
Recharge & bill payments,30148875,16650017440.553331,3,2020,rajasthan
Financial Services,146383,113675141.51464571,3,2020,rajasthan
Others,396352,193212778.71178642,3,2020,rajasthan
Peer-to-peer payments,88730951,321280847680.9502,4,2020,rajasthan
Merchant payments,67367264,46142484518.08269,4,2020,rajasthan
Recharge & bill payments,33455755,18123908525.970142,4,2020,rajasthan
Financial Services,169294,136058685.852993,4,2020,rajasthan
Others,560171,351480425.6482615,4,2020,rajasthan
Peer-to-peer payments,116733195,408190388154.2274,1,2021,rajasthan
Merchant payments,96394132,61936457709.223076,1,2021,rajasthan
Recharge & bill payments,38919519,20855464604.34405,1,2021,rajasthan
Financial Services,192936,162581466.9330898,1,2021,rajasthan
Others,491137,347689722.9177618,1,2021,rajasthan
Peer-to-peer payments,139277445,467784146764.7472,2,2021,rajasthan
Merchant payments,97860493,69922875807.46701,2,2021,rajasthan
Recharge & bill payments,49501703,23387103755.81971,2,2021,rajasthan
Financial Services,216441,186606893.61035588,2,2021,rajasthan
Others,620957,422031947.60023904,2,2021,rajasthan
Peer-to-peer payments,181742972,575912799217.8965,3,2021,rajasthan
Merchant payments,167819345,105548321875.0588,3,2021,rajasthan
Recharge & bill payments,49709657,28335516739.417713,3,2021,rajasthan
Financial Services,197211,190362135.86135092,3,2021,rajasthan
Others,815568,524328574.25040925,3,2021,rajasthan
Merchant payments,221774624,151967969235.0213,4,2021,rajasthan
Peer-to-peer payments,212937264,718215327365.9165,4,2021,rajasthan
Recharge & bill payments,51610607,32831163302.92643,4,2021,rajasthan
Financial Services,265091,263180819.6932125,4,2021,rajasthan
Others,1034011,656777820.7586894,4,2021,rajasthan
Merchant payments,267467038,171182113048.2631,1,2022,rajasthan
Peer-to-peer payments,241739380,814525435614.1677,1,2022,rajasthan
Recharge & bill payments,54555117,35542881861.07577,1,2022,rajasthan
Financial Services,244029,243340851.7120462,1,2022,rajasthan
Others,956656,556409604.9103613,1,2022,rajasthan
Merchant payments,336900860,208238945148.44,2,2022,rajasthan
Peer-to-peer payments,263380560,905641041298.7231,2,2022,rajasthan
Recharge & bill payments,59879660,38325678033.564705,2,2022,rajasthan
Financial Services,170705,175399371.377488,2,2022,rajasthan
Others,838365,452454748.28668594,2,2022,rajasthan
Merchant payments,398104319,230609701751.02283,3,2022,rajasthan
Peer-to-peer payments,299383118,961209376585.562,3,2022,rajasthan
Recharge & bill payments,69118763,46000391408.24405,3,2022,rajasthan
Financial Services,215235,220271929.8423399,3,2022,rajasthan
Others,719925,449514643.60550064,3,2022,rajasthan
Merchant payments,457778005,275194969877.524,4,2022,rajasthan
Peer-to-peer payments,334316758,1130380720682.52,4,2022,rajasthan
Recharge & bill payments,72510470,50609988781.94313,4,2022,rajasthan
Financial Services,244442,270658680.979249,4,2022,rajasthan
Others,725173,500361375.69058275,4,2022,rajasthan
Recharge & bill payments,26965,4823943.542263939,1,2018,sikkim
Peer-to-peer payments,13559,56334584.632872,1,2018,sikkim
Merchant payments,1349,1677583.1440411464,1,2018,sikkim
Financial Services,608,86906.81958101383,1,2018,sikkim
Others,1597,1727920.8016103164,1,2018,sikkim
Recharge & bill payments,45435,9465769.856051585,2,2018,sikkim
Peer-to-peer payments,24237,127051984.38798411,2,2018,sikkim
Merchant payments,2556,4713227.148135973,2,2018,sikkim
Financial Services,562,218130.12995975127,2,2018,sikkim
Others,1788,2243974.0076642134,2,2018,sikkim
Recharge & bill payments,58421,12221506.18938216,3,2018,sikkim
Peer-to-peer payments,43195,215547415.4557628,3,2018,sikkim
Merchant payments,4521,5322296.747954514,3,2018,sikkim
Financial Services,562,261766.8021705601,3,2018,sikkim
Others,1801,1727241.758047811,3,2018,sikkim
Recharge & bill payments,79232,16713780.62811737,4,2018,sikkim
Peer-to-peer payments,65451,351253329.7420565,4,2018,sikkim
Merchant payments,7452,12637809.23946042,4,2018,sikkim
Financial Services,717,596472.7145790398,4,2018,sikkim
Others,1681,1939965.7540404093,4,2018,sikkim
Peer-to-peer payments,121984,422987999.89472663,1,2019,sikkim
Recharge & bill payments,96878,20711589.874598,1,2019,sikkim
Merchant payments,18346,11837344.84684756,1,2019,sikkim
Financial Services,1225,191594.23340424805,1,2019,sikkim
Others,1854,2265105.53451732,1,2019,sikkim
Peer-to-peer payments,172125,674044301.8399961,2,2019,sikkim
Recharge & bill payments,142582,32535297.489453893,2,2019,sikkim
Merchant payments,66722,28248001.02647286,2,2019,sikkim
Financial Services,2294,310197.54774877685,2,2019,sikkim
Others,4521,3756445.53226958,2,2019,sikkim
Peer-to-peer payments,203052,794235862.6317358,3,2019,sikkim
Merchant payments,188753,52337322.5262961,3,2019,sikkim
Recharge & bill payments,156125,33922224.892257094,3,2019,sikkim
Financial Services,288,548142.8999844441,3,2019,sikkim
Others,4218,3672895.4901549704,3,2019,sikkim
Peer-to-peer payments,508471,1086457147.940953,4,2019,sikkim
Recharge & bill payments,181287,42705664.086257376,4,2019,sikkim
Merchant payments,73992,43954548.804204434,4,2019,sikkim
Financial Services,373,494076.3450829056,4,2019,sikkim
Others,2947,2898164.4797200123,4,2019,sikkim
Peer-to-peer payments,230413,954765350.1856782,1,2020,sikkim
Recharge & bill payments,215586,53588505.83882397,1,2020,sikkim
Merchant payments,79881,43201695.38937264,1,2020,sikkim
Financial Services,345,175569.53933206247,1,2020,sikkim
Others,1893,1745150.991195219,1,2020,sikkim
Recharge & bill payments,297620,78397187.10935993,2,2020,sikkim
Peer-to-peer payments,186495,939900165.9422412,2,2020,sikkim
Merchant payments,31442,34385184.657177515,2,2020,sikkim
Financial Services,883,999656.0722047673,2,2020,sikkim
Others,1291,936594.480283038,2,2020,sikkim
Recharge & bill payments,298885,83894642.6709112,3,2020,sikkim
Peer-to-peer payments,245087,1255521152.966514,3,2020,sikkim
Merchant payments,49299,58337178.6722376,3,2020,sikkim
Financial Services,1252,1795366.733436462,3,2020,sikkim
Others,1912,1378387.6172995246,3,2020,sikkim
Peer-to-peer payments,334069,1711730126.584541,4,2020,sikkim
Recharge & bill payments,301382,90168624.05415541,4,2020,sikkim
Merchant payments,95503,112478003.8639115,4,2020,sikkim
Financial Services,1427,2361187.592392395,4,2020,sikkim
Others,2654,2537863.027923054,4,2020,sikkim
Peer-to-peer payments,403703,1965492629.578867,1,2021,sikkim
Recharge & bill payments,279679,93174110.112334,1,2021,sikkim
Merchant payments,112925,154183320.13728723,1,2021,sikkim
Financial Services,1844,3027799.2784099854,1,2021,sikkim
Others,2038,1789867.7338266163,1,2021,sikkim
Peer-to-peer payments,473141,2125758496.6160913,2,2021,sikkim
Recharge & bill payments,345495,103846501.524041,2,2021,sikkim
Merchant payments,153671,190473176.2184894,2,2021,sikkim
Financial Services,1865,2851874.287465013,2,2021,sikkim
Others,2542,1969531.0292125773,2,2021,sikkim
Peer-to-peer payments,595826,2582075089.383399,3,2021,sikkim
Recharge & bill payments,346173,111613776.75942019,3,2021,sikkim
Merchant payments,213808,290732930.46291,3,2021,sikkim
Financial Services,1689,2624558.3857180667,3,2021,sikkim
Others,3098,2290508.8169457563,3,2021,sikkim
Peer-to-peer payments,831597,3548508409.656125,4,2021,sikkim
Recharge & bill payments,376078,136473754.40071422,4,2021,sikkim
Merchant payments,369343,504586163.55697846,4,2021,sikkim
Financial Services,2269,3162023.7210206646,4,2021,sikkim
Others,5058,4052910.300969372,4,2021,sikkim
Peer-to-peer payments,916940,3650961081.00263,1,2022,sikkim
Merchant payments,449273,570784579.6670712,1,2022,sikkim
Recharge & bill payments,371579,139135962.1036925,1,2022,sikkim
Financial Services,2124,3062332.163804472,1,2022,sikkim
Others,4386,3487320.9262269526,1,2022,sikkim
Peer-to-peer payments,1198014,4596501308.1959305,2,2022,sikkim
Merchant payments,706658,847497607.089355,2,2022,sikkim
Recharge & bill payments,411189,162174479.69733828,2,2022,sikkim
Financial Services,1758,1861284.7969863976,2,2022,sikkim
Others,4462,3070990.527526753,2,2022,sikkim
Peer-to-peer payments,1222037,4173703593.656705,3,2022,sikkim
Merchant payments,772650,830361400.9603965,3,2022,sikkim
Recharge & bill payments,397207,153567926.3217131,3,2022,sikkim
Financial Services,1538,2851319.5479129553,3,2022,sikkim
Others,3326,2396303.4047308513,3,2022,sikkim
Peer-to-peer payments,1548662,5175155338.821596,4,2022,sikkim
Merchant payments,1033541,1096220774.2554631,4,2022,sikkim
Recharge & bill payments,470639,181281682.3220814,4,2022,sikkim
Financial Services,2049,2701971.788609252,4,2022,sikkim
Others,3448,3025622.2320622765,4,2022,sikkim
Recharge & bill payments,3308548,646028338.3951533,1,2018,tamil-nadu
Peer-to-peer payments,2670613,10031518934.08568,1,2018,tamil-nadu
Merchant payments,326510,272002057.1736871,1,2018,tamil-nadu
Financial Services,115363,31876073.74792233,1,2018,tamil-nadu
Others,305588,280132294.11422664,1,2018,tamil-nadu
Recharge & bill payments,4464677,1189892955.805177,2,2018,tamil-nadu
Peer-to-peer payments,4433762,18067624388.09562,2,2018,tamil-nadu
Merchant payments,627918,517130320.46603084,2,2018,tamil-nadu
Financial Services,167035,65402385.25640666,2,2018,tamil-nadu
Others,298736,285794226.64323723,2,2018,tamil-nadu
Peer-to-peer payments,8810836,26792462660.044956,3,2018,tamil-nadu
Recharge & bill payments,5148411,1521551955.205038,3,2018,tamil-nadu
Merchant payments,1290978,733189649.5729835,3,2018,tamil-nadu
Financial Services,191732,37049222.36590697,3,2018,tamil-nadu
Others,332121,245838753.995272,3,2018,tamil-nadu
Peer-to-peer payments,11538547,39180083690.57276,4,2018,tamil-nadu
Recharge & bill payments,7093764,2020329567.824538,4,2018,tamil-nadu
Merchant payments,3145621,1742903221.432857,4,2018,tamil-nadu
Financial Services,228398,46571758.68242933,4,2018,tamil-nadu
Others,451114,312185737.3815207,4,2018,tamil-nadu
Peer-to-peer payments,18645926,51296299081.44436,1,2019,tamil-nadu
Recharge & bill payments,8863289,2695317014.866,1,2019,tamil-nadu
Merchant payments,4195222,1924461188.990014,1,2019,tamil-nadu
Financial Services,193261,31217137.54532297,1,2019,tamil-nadu
Others,377347,256742393.2842679,1,2019,tamil-nadu
Peer-to-peer payments,16952961,57924128549.06982,2,2019,tamil-nadu
Recharge & bill payments,8414514,3280033639.85004,2,2019,tamil-nadu
Merchant payments,6296995,2690331792.5060782,2,2019,tamil-nadu
Financial Services,70142,18334602.38963153,2,2019,tamil-nadu
Others,437125,294847441.94211423,2,2019,tamil-nadu
Peer-to-peer payments,21277636,70615331408.53966,3,2019,tamil-nadu
Merchant payments,10344027,4079315732.6616826,3,2019,tamil-nadu
Recharge & bill payments,9246678,3964144354.416151,3,2019,tamil-nadu
Financial Services,88261,27213741.83107733,3,2019,tamil-nadu
Others,453581,273599406.1898495,3,2019,tamil-nadu
Peer-to-peer payments,28814008,91858026341.27563,4,2019,tamil-nadu
Merchant payments,16153034,6420193204.780616,4,2019,tamil-nadu
Recharge & bill payments,11157765,4681454397.562926,4,2019,tamil-nadu
Financial Services,60624,24332240.65556671,4,2019,tamil-nadu
Others,410980,206859328.26859048,4,2019,tamil-nadu
Peer-to-peer payments,30880360,101907683045.2843,1,2020,tamil-nadu
Merchant payments,21541556,8950736938.223478,1,2020,tamil-nadu
Recharge & bill payments,14134259,5493239429.7322235,1,2020,tamil-nadu
Financial Services,61427,41422107.81363036,1,2020,tamil-nadu
Others,335871,176604658.386683,1,2020,tamil-nadu
Peer-to-peer payments,21700844,82347647064.12332,2,2020,tamil-nadu
Recharge & bill payments,18474731,6414781159.484189,2,2020,tamil-nadu
Merchant payments,11477546,6909361871.628205,2,2020,tamil-nadu
Financial Services,78584,89189349.84916353,2,2020,tamil-nadu
Others,138405,65529451.74366937,2,2020,tamil-nadu
Peer-to-peer payments,31754077,123561080533.0467,3,2020,tamil-nadu
Merchant payments,20664887,12554589575.50485,3,2020,tamil-nadu
Recharge & bill payments,17521756,7476952307.406668,3,2020,tamil-nadu
Financial Services,129671,158512062.545901,3,2020,tamil-nadu
Others,207434,90281020.15995154,3,2020,tamil-nadu
Peer-to-peer payments,47800741,172196381789.49103,4,2020,tamil-nadu
Merchant payments,41297305,24417758781.65223,4,2020,tamil-nadu
Recharge & bill payments,21563946,9462546013.163391,4,2020,tamil-nadu
Financial Services,153044,186775413.14290392,4,2020,tamil-nadu
Others,364665,209735503.5452142,4,2020,tamil-nadu
Peer-to-peer payments,57446279,206405230307.9611,1,2021,tamil-nadu
Merchant payments,53811885,30722779534.582497,1,2021,tamil-nadu
Recharge & bill payments,24826273,11115915388.739542,1,2021,tamil-nadu
Financial Services,170620,215319360.4840321,1,2021,tamil-nadu
Others,301617,208899281.8834731,1,2021,tamil-nadu
Peer-to-peer payments,60812902,216379027686.30243,2,2021,tamil-nadu
Merchant payments,52048347,33504798112.883823,2,2021,tamil-nadu
Recharge & bill payments,32753032,13155346942.25547,2,2021,tamil-nadu
Financial Services,192614,225113402.6634022,2,2021,tamil-nadu
Others,351547,223054882.4467526,2,2021,tamil-nadu
Merchant payments,85074941,52932187058.57519,3,2021,tamil-nadu
Peer-to-peer payments,83833356,296121079294.8346,3,2021,tamil-nadu
Recharge & bill payments,34751691,15613287081.611631,3,2021,tamil-nadu
Financial Services,182097,246146707.2790811,3,2021,tamil-nadu
Others,515319,294622911.6328684,3,2021,tamil-nadu
Merchant payments,117578360,70539086832.13815,4,2021,tamil-nadu
Peer-to-peer payments,104493071,353529424598.2304,4,2021,tamil-nadu
Recharge & bill payments,36163870,18979178477.53405,4,2021,tamil-nadu
Financial Services,228761,275850497.094934,4,2021,tamil-nadu
Others,691914,400412189.8049112,4,2021,tamil-nadu
Merchant payments,139788772,81798208975.87326,1,2022,tamil-nadu
Peer-to-peer payments,119383791,409631710258.4541,1,2022,tamil-nadu
Recharge & bill payments,34579431,20705079141.096962,1,2022,tamil-nadu
Financial Services,241201,298216135.37755203,1,2022,tamil-nadu
Others,579955,355987089.83064437,1,2022,tamil-nadu
Merchant payments,179245529,100813133534.0309,2,2022,tamil-nadu
Peer-to-peer payments,136341691,464333108374.57104,2,2022,tamil-nadu
Recharge & bill payments,38257271,24477663683.79348,2,2022,tamil-nadu
Financial Services,202498,233054908.9697893,2,2022,tamil-nadu
Others,459948,277767177.03123105,2,2022,tamil-nadu
Merchant payments,202149276,109801011246.1606,3,2022,tamil-nadu
Peer-to-peer payments,148805657,493880482824.98395,3,2022,tamil-nadu
Recharge & bill payments,41919063,27694221703.16715,3,2022,tamil-nadu
Financial Services,217741,238069828.1652185,3,2022,tamil-nadu
Others,404438,265434770.7913805,3,2022,tamil-nadu
Merchant payments,229308285,118847998736.56459,4,2022,tamil-nadu
Peer-to-peer payments,162920305,526511418812.77344,4,2022,tamil-nadu
Recharge & bill payments,43391904,29719449171.38699,4,2022,tamil-nadu
Financial Services,295740,334812023.56560165,4,2022,tamil-nadu
Others,400402,275988847.1474179,4,2022,tamil-nadu
Recharge & bill payments,4209319,831912767.5937189,1,2018,telangana
Peer-to-peer payments,3307245,11748268950.760422,1,2018,telangana
Merchant payments,351474,282899066.6137372,1,2018,telangana
Financial Services,262876,57011875.36233704,1,2018,telangana
Others,391852,388111458.2121352,1,2018,telangana
Peer-to-peer payments,4784079,20748520742.57553,2,2018,telangana
Recharge & bill payments,4686542,1274130053.834579,2,2018,telangana
Merchant payments,701082,551696487.3185427,2,2018,telangana
Financial Services,277805,85498213.25384143,2,2018,telangana
Others,315162,357356020.669816,2,2018,telangana
Peer-to-peer payments,11560952,29253505738.82874,3,2018,telangana
Recharge & bill payments,5328881,1568136060.627837,3,2018,telangana
Merchant payments,1770075,855534175.4794186,3,2018,telangana
Financial Services,307312,52554123.97376218,3,2018,telangana
Others,365483,300363110.8137954,3,2018,telangana
Peer-to-peer payments,15571288,44541667501.74112,4,2018,telangana
Recharge & bill payments,7121135,2165870863.1686497,4,2018,telangana
Merchant payments,5315161,2356841304.964929,4,2018,telangana
Financial Services,392423,64569231.235592484,4,2018,telangana
Others,521147,380139546.93821603,4,2018,telangana
Peer-to-peer payments,40488967,87361237975.49301,1,2019,telangana
Merchant payments,12341901,4144368545.5359693,1,2019,telangana
Recharge & bill payments,11525394,3619117615.4851723,1,2019,telangana
Financial Services,463688,54547989.27545392,1,2019,telangana
Others,470752,343989909.8750894,1,2019,telangana
Peer-to-peer payments,46741594,141095702899.1614,2,2019,telangana
Merchant payments,25682382,8442740781.469844,2,2019,telangana
Recharge & bill payments,16225017,5603477828.5489645,2,2019,telangana
Financial Services,252173,43627344.86329398,2,2019,telangana
Others,709213,490894328.3915366,2,2019,telangana
Peer-to-peer payments,59981113,180342868388.36203,3,2019,telangana
Merchant payments,44035953,14308557740.55424,3,2019,telangana
Recharge & bill payments,16437222,6793699069.387363,3,2019,telangana
Financial Services,183163,39617186.74048498,3,2019,telangana
Others,857925,445278745.3818412,3,2019,telangana
Peer-to-peer payments,82587060,249346680995.99307,4,2019,telangana
Merchant payments,59347809,21510626607.08445,4,2019,telangana
Recharge & bill payments,20797056,9561315124.602655,4,2019,telangana
Financial Services,137291,33453857.40459593,4,2019,telangana
Others,703042,294688962.659046,4,2019,telangana
Peer-to-peer payments,95668911,327641798044.8055,1,2020,telangana
Merchant payments,76818285,31076431477.91269,1,2020,telangana
Recharge & bill payments,26324268,12324266104.56499,1,2020,telangana
Financial Services,88184,59500639.38684589,1,2020,telangana
Others,509877,241784101.5460485,1,2020,telangana
Peer-to-peer payments,76683293,279478553909.7438,2,2020,telangana
Merchant payments,44181999,26712043204.891262,2,2020,telangana
Recharge & bill payments,30885875,15106945863.85704,2,2020,telangana
Financial Services,116776,134169906.7475049,2,2020,telangana
Others,187200,100126467.191328,2,2020,telangana
Peer-to-peer payments,116668399,437459188905.0534,3,2020,telangana
Merchant payments,86836471,49743225885.179474,3,2020,telangana
Recharge & bill payments,32352860,18378477087.57689,3,2020,telangana
Financial Services,195857,223377023.5052515,3,2020,telangana
Others,318539,156875854.5548792,3,2020,telangana
Peer-to-peer payments,160607487,591976601278.5154,4,2020,telangana
Merchant payments,143897953,81725950703.21272,4,2020,telangana
Recharge & bill payments,38174710,22006183348.80398,4,2020,telangana
Financial Services,230134,275357720.01805824,4,2020,telangana
Others,733503,366346176.4068247,4,2020,telangana
Merchant payments,185230619,95927278280.53006,1,2021,telangana
Peer-to-peer payments,179738195,676276353116.8419,1,2021,telangana
Recharge & bill payments,46371555,26447601338.53346,1,2021,telangana
Financial Services,262473,320153410.17969453,1,2021,telangana
Others,969268,387877900.5044867,1,2021,telangana
Peer-to-peer payments,230861833,872151973637.885,2,2021,telangana
Merchant payments,205232899,123207789311.29622,2,2021,telangana
Recharge & bill payments,58637866,31877277168.34322,2,2021,telangana
Financial Services,278546,300569264.1443888,2,2021,telangana
Others,856400,420723415.91505665,2,2021,telangana
Merchant payments,286735350,159227310549.39362,3,2021,telangana
Peer-to-peer payments,271436926,981754679241.0405,3,2021,telangana
Recharge & bill payments,62744121,36434881136.01624,3,2021,telangana
Financial Services,235519,329138539.4612142,3,2021,telangana
Others,1734852,543116826.3422191,3,2021,telangana
Merchant payments,376584215,212974766412.0155,4,2021,telangana
Peer-to-peer payments,331774591,1204991223519.016,4,2021,telangana
Recharge & bill payments,66477036,44760398983.30789,4,2021,telangana
Financial Services,298871,392141743.6705663,4,2021,telangana
Others,855060,639658842.8998816,4,2021,telangana
Merchant payments,449186799,243841863780.67932,1,2022,telangana
Peer-to-peer payments,368048408,1375289566667.705,1,2022,telangana
Recharge & bill payments,66352138,50470450179.882545,1,2022,telangana
Financial Services,284035,394283511.9410973,1,2022,telangana
Others,2582005,642005688.7661512,1,2022,telangana
Merchant payments,565370506,307468406704.909,2,2022,telangana
Peer-to-peer payments,422056582,1580014085694.835,2,2022,telangana
Recharge & bill payments,75099130,63136761649.393105,2,2022,telangana
Financial Services,245023,324857780.5553103,2,2022,telangana
Others,611316,470432687.3850265,2,2022,telangana
Merchant payments,880414292,447150646953.73694,3,2022,telangana
Peer-to-peer payments,626830752,2170173323588.5298,3,2022,telangana
Recharge & bill payments,119779835,87937210666.27194,3,2022,telangana
Financial Services,340458,442783619.091239,3,2022,telangana
Others,800064,621900924.4423015,3,2022,telangana
Merchant payments,1002521735,491556008133.5354,4,2022,telangana
Peer-to-peer payments,694612831,2393380395296.851,4,2022,telangana
Recharge & bill payments,121188131,92136759501.42021,4,2022,telangana
Financial Services,401838,498719426.00543725,4,2022,telangana
Others,782297,680680558.3343163,4,2022,telangana
Recharge & bill payments,86819,14079439.56990594,1,2018,tripura
Peer-to-peer payments,44844,112229994.97675669,1,2018,tripura
Financial Services,4842,672247.5881710155,1,2018,tripura
Merchant payments,4833,6080959.882836086,1,2018,tripura
Others,6819,4916272.512952799,1,2018,tripura
Recharge & bill payments,118171,22554398.15273035,2,2018,tripura
Peer-to-peer payments,73821,197666881.87296882,2,2018,tripura
Merchant payments,9621,10570951.15156878,2,2018,tripura
Financial Services,6925,1264101.904810368,2,2018,tripura
Others,6021,4835385.634057636,2,2018,tripura
Peer-to-peer payments,186065,398867427.3246338,3,2018,tripura
Recharge & bill payments,156308,33484811.21282282,3,2018,tripura
Merchant payments,21476,16092396.41113394,3,2018,tripura
Financial Services,8106,1080000.0112896338,3,2018,tripura
Others,5748,4338753.080712541,3,2018,tripura
Recharge & bill payments,204720,38334816.66379926,4,2018,tripura
Peer-to-peer payments,179739,549068822.3729683,4,2018,tripura
Merchant payments,50888,31066467.63339032,4,2018,tripura
Financial Services,6441,1023126.8205747404,4,2018,tripura
Others,6271,5392365.973713988,4,2018,tripura
Peer-to-peer payments,296993,679165332.8123899,1,2019,tripura
Recharge & bill payments,227997,44429378.42277926,1,2019,tripura
Merchant payments,46642,28109966.31994779,1,2019,tripura
Financial Services,4189,461473.58856435167,1,2019,tripura
Others,5105,4728790.472138839,1,2019,tripura
Peer-to-peer payments,240776,751113516.2256755,2,2019,tripura
Recharge & bill payments,218649,48989430.60730426,2,2019,tripura
Merchant payments,64829,35275706.82877502,2,2019,tripura
Financial Services,1899,339184.3344705297,2,2019,tripura
Others,6405,6103644.851151889,2,2019,tripura
Recharge & bill payments,339539,81845425.35425141,3,2019,tripura
Peer-to-peer payments,270163,884623553.9011385,3,2019,tripura
Merchant payments,68399,44802063.64430427,3,2019,tripura
Financial Services,27970,582020.9903208594,3,2019,tripura
Others,5646,5524358.927209696,3,2019,tripura
Recharge & bill payments,373779,88001651.28693296,4,2019,tripura
Peer-to-peer payments,359076,1071507585.9983541,4,2019,tripura
Merchant payments,62458,51274033.720727704,4,2019,tripura
Financial Services,2239,377097.66713108413,4,2019,tripura
Others,4272,4239791.585043055,4,2019,tripura
Recharge & bill payments,449584,114355218.0351404,1,2020,tripura
Peer-to-peer payments,366218,1400694933.570157,1,2020,tripura
Merchant payments,102861,68590603.6377098,1,2020,tripura
Financial Services,1722,1066651.521721911,1,2020,tripura
Others,4117,4071399.6237732675,1,2020,tripura
Recharge & bill payments,600206,163220166.76643568,2,2020,tripura
Peer-to-peer payments,346863,1501452755.689023,2,2020,tripura
Merchant payments,97816,99795973.60794038,2,2020,tripura
Financial Services,2904,2247782.5219734698,2,2020,tripura
Others,4731,2459205.000588993,2,2020,tripura
Recharge & bill payments,627363,185201997.27960992,3,2020,tripura
Peer-to-peer payments,477769,1959371082.9173033,3,2020,tripura
Merchant payments,202106,190218136.28088412,3,2020,tripura
Financial Services,3828,3141391.5755430083,3,2020,tripura
Others,6819,3886908.1625436572,3,2020,tripura
Peer-to-peer payments,650386,2683789889.83192,4,2020,tripura
Recharge & bill payments,631611,192385823.4322018,4,2020,tripura
Merchant payments,357567,296872485.4156503,4,2020,tripura
Financial Services,4084,3666639.308697606,4,2020,tripura
Others,8242,5416158.232838955,4,2020,tripura
Peer-to-peer payments,643366,2821226150.591918,1,2021,tripura
Recharge & bill payments,508718,173211140.89346513,1,2021,tripura
Merchant payments,350366,333743281.3210389,1,2021,tripura
Financial Services,3146,2879929.222833151,1,2021,tripura
Others,5827,4281067.764165951,1,2021,tripura
Peer-to-peer payments,703728,2865655130.431326,2,2021,tripura
Recharge & bill payments,589839,189808502.9050523,2,2021,tripura
Merchant payments,440060,404915546.51771075,2,2021,tripura
Financial Services,3656,3503925.3381061675,2,2021,tripura
Others,7146,4271255.844077852,2,2021,tripura
Peer-to-peer payments,864329,3491901741.159418,3,2021,tripura
Recharge & bill payments,620991,215226019.5759628,3,2021,tripura
Merchant payments,584079,648504775.623629,3,2021,tripura
Financial Services,2886,3473153.087671739,3,2021,tripura
Others,8915,5028078.734792852,3,2021,tripura
Peer-to-peer payments,1060915,4368786747.103016,4,2021,tripura
Merchant payments,793636,874005407.7140213,4,2021,tripura
Recharge & bill payments,650251,241225282.0745188,4,2021,tripura
Financial Services,3635,5073898.6076811645,4,2021,tripura
Others,12256,7838128.800210228,4,2021,tripura
Peer-to-peer payments,1221863,4934712034.365204,1,2022,tripura
Merchant payments,992891,1037265262.6570491,1,2022,tripura
Recharge & bill payments,641170,262348230.9954375,1,2022,tripura
Financial Services,4351,5782533.2422681665,1,2022,tripura
Others,10915,7221703.089884497,1,2022,tripura
Peer-to-peer payments,1443647,5354182193.788111,2,2022,tripura
Merchant payments,1322009,1235804019.563663,2,2022,tripura
Recharge & bill payments,638643,278018856.1783528,2,2022,tripura
Financial Services,3812,4533635.768901512,2,2022,tripura
Others,10553,5732336.736273008,2,2022,tripura
Peer-to-peer payments,1836678,6718925839.047781,3,2022,tripura
Merchant payments,1660497,1589078400.261532,3,2022,tripura
Recharge & bill payments,745382,329401812.4140819,3,2022,tripura
Financial Services,4343,5330626.119674753,3,2022,tripura
Others,9679,5616127.06807068,3,2022,tripura
Peer-to-peer payments,2252390,8142233538.414011,4,2022,tripura
Merchant payments,2054988,1925282618.810984,4,2022,tripura
Recharge & bill payments,874800,373875271.1987865,4,2022,tripura
Financial Services,5787,5028488.55453164,4,2022,tripura
Others,10225,6551901.175783692,4,2022,tripura
Recharge & bill payments,7003704,1201827543.8816478,1,2018,uttar-pradesh
Peer-to-peer payments,4123625,11786969148.760592,1,2018,uttar-pradesh
Merchant payments,442436,428301434.2754866,1,2018,uttar-pradesh
Financial Services,397328,75150444.99108115,1,2018,uttar-pradesh
Others,570712,447722351.3138524,1,2018,uttar-pradesh
Recharge & bill payments,9232131,2044535461.4826078,2,2018,uttar-pradesh
Peer-to-peer payments,6484369,22197440015.94554,2,2018,uttar-pradesh
Merchant payments,909545,799920463.267408,2,2018,uttar-pradesh
Financial Services,563213,105536911.8402665,2,2018,uttar-pradesh
Others,521685,572768843.1641636,2,2018,uttar-pradesh
Peer-to-peer payments,13828768,32944051606.98276,3,2018,uttar-pradesh
Recharge & bill payments,9140873,2485029062.8899508,3,2018,uttar-pradesh
Merchant payments,2397448,1012726185.1169591,3,2018,uttar-pradesh
Financial Services,603303,76605144.65776658,3,2018,uttar-pradesh
Others,544964,493702369.5936288,3,2018,uttar-pradesh
Peer-to-peer payments,15804910,48836291123.914734,4,2018,uttar-pradesh
Recharge & bill payments,11976808,3040717446.728788,4,2018,uttar-pradesh
Merchant payments,6953857,2480267671.2597933,4,2018,uttar-pradesh
Financial Services,517619,76250539.85851902,4,2018,uttar-pradesh
Others,847573,663216794.1554663,4,2018,uttar-pradesh
Peer-to-peer payments,32062452,68506766330.451485,1,2019,uttar-pradesh
Recharge & bill payments,15400713,4231102032.956448,1,2019,uttar-pradesh
Merchant payments,8558766,3105904146.2085333,1,2019,uttar-pradesh
Financial Services,389733,43341558.4853555,1,2019,uttar-pradesh
Others,912840,637066065.9078369,1,2019,uttar-pradesh
Peer-to-peer payments,27105049,87581482658.94861,2,2019,uttar-pradesh
Recharge & bill payments,17551537,5627886175.9093685,2,2019,uttar-pradesh
Merchant payments,12733089,4894223107.452321,2,2019,uttar-pradesh
Financial Services,264091,38169259.945291094,2,2019,uttar-pradesh
Others,1229734,775758168.4201038,2,2019,uttar-pradesh
Peer-to-peer payments,26990786,95134023863.97963,3,2019,uttar-pradesh
Recharge & bill payments,20359672,8000160942.595397,3,2019,uttar-pradesh
Merchant payments,19625935,7399443975.24218,3,2019,uttar-pradesh
Financial Services,258548,51363215.14597865,3,2019,uttar-pradesh
Others,1389018,683145478.0865316,3,2019,uttar-pradesh
Peer-to-peer payments,40540310,126564888408.1326,4,2019,uttar-pradesh
Recharge & bill payments,24299776,9082140369.774977,4,2019,uttar-pradesh
Merchant payments,20582052,9412924984.9687,4,2019,uttar-pradesh
Financial Services,242936,45686806.830938116,4,2019,uttar-pradesh
Others,1239931,433285937.588854,4,2019,uttar-pradesh
Peer-to-peer payments,39581157,147734706846.5617,1,2020,uttar-pradesh
Recharge & bill payments,29777603,11168417430.65222,1,2020,uttar-pradesh
Merchant payments,26741638,13072371616.871721,1,2020,uttar-pradesh
Financial Services,139990,64365117.40935904,1,2020,uttar-pradesh
Others,998744,376573949.20359,1,2020,uttar-pradesh
Recharge & bill payments,42229417,14668026056.36812,2,2020,uttar-pradesh
Peer-to-peer payments,39434202,150079524408.8693,2,2020,uttar-pradesh
Merchant payments,18625913,13655151082.57472,2,2020,uttar-pradesh
Financial Services,150360,131930242.90371712,2,2020,uttar-pradesh
Others,412073,209384339.5723213,2,2020,uttar-pradesh
Peer-to-peer payments,54449911,207530912756.7304,3,2020,uttar-pradesh
Recharge & bill payments,37465163,16437365640.853413,3,2020,uttar-pradesh
Merchant payments,34697942,24224433240.83624,3,2020,uttar-pradesh
Financial Services,206210,194129227.54374272,3,2020,uttar-pradesh
Others,586033,303114557.0989778,3,2020,uttar-pradesh
Peer-to-peer payments,75433782,294401153346.7633,4,2020,uttar-pradesh
Merchant payments,61922138,44438824680.67094,4,2020,uttar-pradesh
Recharge & bill payments,39570153,17793973968.76192,4,2020,uttar-pradesh
Financial Services,246868,255803306.13741982,4,2020,uttar-pradesh
Others,994576,539071475.9342327,4,2020,uttar-pradesh
Peer-to-peer payments,85539321,321609613378.6789,1,2021,uttar-pradesh
Merchant payments,78873969,55362244381.43686,1,2021,uttar-pradesh
Recharge & bill payments,38981894,18563189222.328213,1,2021,uttar-pradesh
Financial Services,250656,266104783.74495733,1,2021,uttar-pradesh
Others,853707,486435811.37712044,1,2021,uttar-pradesh
Peer-to-peer payments,102927942,388761820128.4563,2,2021,uttar-pradesh
Merchant payments,84860582,70351401159.78787,2,2021,uttar-pradesh
Recharge & bill payments,53030710,22266927128.754078,2,2021,uttar-pradesh
Financial Services,270944,266853066.8296254,2,2021,uttar-pradesh
Others,858953,525487682.5584012,2,2021,uttar-pradesh
Peer-to-peer payments,127945827,440726915882.17084,3,2021,uttar-pradesh
Merchant payments,126699830,91089049637.02377,3,2021,uttar-pradesh
Recharge & bill payments,50414232,24348150109.63599,3,2021,uttar-pradesh
Financial Services,253418,292009129.0296748,3,2021,uttar-pradesh
Others,1230077,624716522.074541,3,2021,uttar-pradesh
Merchant payments,183966052,142889329646.0546,4,2021,uttar-pradesh
Peer-to-peer payments,167503176,600973581946.6771,4,2021,uttar-pradesh
Recharge & bill payments,52863531,28812549097.65689,4,2021,uttar-pradesh
Financial Services,353219,386356976.48969895,4,2021,uttar-pradesh
Others,1471954,829152405.3448995,4,2021,uttar-pradesh
Merchant payments,221556930,165543931419.27042,1,2022,uttar-pradesh
Peer-to-peer payments,195592648,684758883172.6667,1,2022,uttar-pradesh
Recharge & bill payments,54873261,31683813998.38605,1,2022,uttar-pradesh
Financial Services,358499,386218170.5981607,1,2022,uttar-pradesh
Others,1571908,750327356.10464,1,2022,uttar-pradesh
Merchant payments,298721048,216176289528.4325,2,2022,uttar-pradesh
Peer-to-peer payments,232444860,812579156783.274,2,2022,uttar-pradesh
Recharge & bill payments,62659780,37867966758.88997,2,2022,uttar-pradesh
Financial Services,268349,285646084.32585233,2,2022,uttar-pradesh
Others,1204739,606123265.0864555,2,2022,uttar-pradesh
Merchant payments,361972506,232005905549.1372,3,2022,uttar-pradesh
Peer-to-peer payments,267205027,844564255684.5037,3,2022,uttar-pradesh
Recharge & bill payments,72984811,43854148172.58542,3,2022,uttar-pradesh
Financial Services,367887,344330142.1388885,3,2022,uttar-pradesh
Others,1058841,601411350.4106325,3,2022,uttar-pradesh
Merchant payments,439247166,296781967366.6535,4,2022,uttar-pradesh
Peer-to-peer payments,317613698,1030345562935.882,4,2022,uttar-pradesh
Recharge & bill payments,78025017,48159073834.942955,4,2022,uttar-pradesh
Financial Services,418329,430212917.2764113,4,2022,uttar-pradesh
Others,1064861,661985014.7568951,4,2022,uttar-pradesh
Recharge & bill payments,730428,124377517.3349145,1,2018,uttarakhand
Peer-to-peer payments,399545,1296603346.334598,1,2018,uttarakhand
Merchant payments,35382,39372913.10424411,1,2018,uttarakhand
Financial Services,27761,5637758.5563494945,1,2018,uttarakhand
Others,53569,42553823.19378027,1,2018,uttarakhand
Recharge & bill payments,946332,193802092.8234874,2,2018,uttarakhand
Peer-to-peer payments,620490,2358941864.768211,2,2018,uttarakhand
Merchant payments,60494,66946005.758901335,2,2018,uttarakhand
Financial Services,29919,7913276.778501136,2,2018,uttarakhand
Others,46887,52152138.421940185,2,2018,uttarakhand
Peer-to-peer payments,1049725,3356030294.930648,3,2018,uttarakhand
Recharge & bill payments,1004356,239244556.7664653,3,2018,uttarakhand
Merchant payments,112342,84447374.86583523,3,2018,uttarakhand
Financial Services,22792,4334709.909645849,3,2018,uttarakhand
Others,39917,42516103.38590273,3,2018,uttarakhand
Peer-to-peer payments,1556731,5072621132.34355,4,2018,uttarakhand
Recharge & bill payments,1252124,292877734.3379558,4,2018,uttarakhand
Merchant payments,289733,228453045.85460952,4,2018,uttarakhand
Financial Services,29916,6035161.098892693,4,2018,uttarakhand
Others,50257,54285064.328889735,4,2018,uttarakhand
Peer-to-peer payments,3499130,6512361464.496071,1,2019,uttarakhand
Recharge & bill payments,1590269,394631055.6931843,1,2019,uttarakhand
Merchant payments,372290,226281078.76994142,1,2019,uttarakhand
Financial Services,28784,3951610.30495379,1,2019,uttarakhand
Others,55528,46303966.00979781,1,2019,uttarakhand
Peer-to-peer payments,2383662,7752954670.580209,2,2019,uttarakhand
Recharge & bill payments,1616176,454962951.9136597,2,2019,uttarakhand
Merchant payments,721858,323876953.4104364,2,2019,uttarakhand
Financial Services,21852,2550386.4774141517,2,2019,uttarakhand
Others,69727,54187888.53677146,2,2019,uttarakhand
Peer-to-peer payments,2313544,8512622076.436332,3,2019,uttarakhand
Recharge & bill payments,2201606,683772296.9748493,3,2019,uttarakhand
Merchant payments,1121052,480794827.1193007,3,2019,uttarakhand
Financial Services,12119,4570326.192004257,3,2019,uttarakhand
Others,62155,47272543.29483966,3,2019,uttarakhand
Peer-to-peer payments,3210116,11020339546.60495,4,2019,uttarakhand
Recharge & bill payments,2547173,817728111.4576316,4,2019,uttarakhand
Merchant payments,1542944,701746516.8731368,4,2019,uttarakhand
Financial Services,11585,3555524.3767221333,4,2019,uttarakhand
Others,50298,30336605.838333588,4,2019,uttarakhand
Peer-to-peer payments,3792776,13999676596.86588,1,2020,uttarakhand
Recharge & bill payments,2990764,1028598924.445406,1,2020,uttarakhand
Merchant payments,2289657,1094245197.235664,1,2020,uttarakhand
Financial Services,10246,8180881.808693047,1,2020,uttarakhand
Others,48341,27378658.63192141,1,2020,uttarakhand
Recharge & bill payments,3755695,1303523584.942265,2,2020,uttarakhand
Peer-to-peer payments,3656029,13572964169.690289,2,2020,uttarakhand
Merchant payments,1587042,1181497493.0283291,2,2020,uttarakhand
Financial Services,15023,17612288.05771955,2,2020,uttarakhand
Others,33981,18590166.382408552,2,2020,uttarakhand
Peer-to-peer payments,4836512,18377468807.449932,3,2020,uttarakhand
Recharge & bill payments,3751993,1509373287.697055,3,2020,uttarakhand
Merchant payments,3164623,2166776519.85367,3,2020,uttarakhand
Financial Services,20455,26449980.5841113,3,2020,uttarakhand
Others,45352,23442372.421768248,3,2020,uttarakhand
Peer-to-peer payments,6748183,25748737002.1362,4,2020,uttarakhand
Merchant payments,6629201,4274032856.6465273,4,2020,uttarakhand
Recharge & bill payments,4140391,1697819950.556479,4,2020,uttarakhand
Financial Services,27120,29791064.76179735,4,2020,uttarakhand
Others,68376,42358455.009380005,4,2020,uttarakhand
Merchant payments,8393767,5283142247.065778,1,2021,uttarakhand
Peer-to-peer payments,7981710,29202365442.63442,1,2021,uttarakhand
Recharge & bill payments,4146569,1727960484.0302868,1,2021,uttarakhand
Financial Services,30208,38400863.995605044,1,2021,uttarakhand
Others,56148,36320362.17233381,1,2021,uttarakhand
Peer-to-peer payments,9374939,32674145244.39062,2,2021,uttarakhand
Merchant payments,9134389,6257528832.057197,2,2021,uttarakhand
Recharge & bill payments,5388285,1979824048.8157122,2,2021,uttarakhand
Financial Services,31497,35404991.87467629,2,2021,uttarakhand
Others,71322,43914757.70001852,2,2021,uttarakhand
Merchant payments,13673085,9001414756.070686,3,2021,uttarakhand
Peer-to-peer payments,11867174,39256650720.01872,3,2021,uttarakhand
Recharge & bill payments,5388011,2182554095.263321,3,2021,uttarakhand
Financial Services,27839,38013969.98341857,3,2021,uttarakhand
Others,86175,48863242.2282843,3,2021,uttarakhand
Merchant payments,19850878,13515464697.76179,4,2021,uttarakhand
Peer-to-peer payments,14819203,49969580473.077866,4,2021,uttarakhand
Recharge & bill payments,5536262,2540546090.0230794,4,2021,uttarakhand
Financial Services,38764,51212042.38175093,4,2021,uttarakhand
Others,116173,71304856.17664191,4,2021,uttarakhand
Merchant payments,22595602,14585438346.47384,1,2022,uttarakhand
Peer-to-peer payments,16201632,53535521438.95823,1,2022,uttarakhand
Recharge & bill payments,5617605,2745987927.6831985,1,2022,uttarakhand
Financial Services,39033,49695999.71828518,1,2022,uttarakhand
Others,106900,62138787.2410843,1,2022,uttarakhand
Merchant payments,32087670,19479185362.29696,2,2022,uttarakhand
Peer-to-peer payments,19677409,65563901300.310234,2,2022,uttarakhand
Recharge & bill payments,6263098,3174160697.856764,2,2022,uttarakhand
Financial Services,32284,37217548.78562989,2,2022,uttarakhand
Others,106417,58906116.08464594,2,2022,uttarakhand
Merchant payments,35069444,20528059274.248493,3,2022,uttarakhand
Peer-to-peer payments,22031045,68377272372.60579,3,2022,uttarakhand
Recharge & bill payments,6765699,3633710468.801753,3,2022,uttarakhand
Financial Services,38061,44669245.26821817,3,2022,uttarakhand
Others,92270,57548577.43879978,3,2022,uttarakhand
Merchant payments,43185705,26026949674.245083,4,2022,uttarakhand
Peer-to-peer payments,27043038,85220041974.58177,4,2022,uttarakhand
Recharge & bill payments,7610775,4128624164.7492094,4,2022,uttarakhand
Financial Services,44569,55762460.39159953,4,2022,uttarakhand
Others,99793,64668557.391687945,4,2022,uttarakhand
Recharge & bill payments,5773831,964309485.9592384,1,2018,west-bengal
Peer-to-peer payments,4383075,8874266825.985771,1,2018,west-bengal
Financial Services,665171,119502271.6694444,1,2018,west-bengal
Merchant payments,443378,366788699.6571312,1,2018,west-bengal
Others,444770,301111268.8686383,1,2018,west-bengal
Peer-to-peer payments,8284944,15889890046.862808,2,2018,west-bengal
Recharge & bill payments,7360522,1563841173.839662,2,2018,west-bengal
Financial Services,1121570,160809685.9388638,2,2018,west-bengal
Merchant payments,937608,715914360.819237,2,2018,west-bengal
Others,377802,298728202.7433254,2,2018,west-bengal
Peer-to-peer payments,41882429,38439798815.23789,3,2018,west-bengal
Recharge & bill payments,7596315,1992473341.2750618,3,2018,west-bengal
Merchant payments,2252265,979603555.1397108,3,2018,west-bengal
Financial Services,1619524,185187032.89650062,3,2018,west-bengal
Others,354883,246871438.6293067,3,2018,west-bengal
Peer-to-peer payments,17154995,35303180047.061485,4,2018,west-bengal
Recharge & bill payments,9425082,2467741143.225801,4,2018,west-bengal
Merchant payments,8633569,2294203496.6575313,4,2018,west-bengal
Financial Services,734796,93755616.52283625,4,2018,west-bengal
Others,565106,330738908.2367093,4,2018,west-bengal
Peer-to-peer payments,27374206,44170923881.74428,1,2019,west-bengal
Recharge & bill payments,11659948,3021107711.9021683,1,2019,west-bengal
Merchant payments,7636726,2645438308.3384776,1,2019,west-bengal
Financial Services,525650,47986448.46936697,1,2019,west-bengal
Others,429858,279216273.42548996,1,2019,west-bengal
Peer-to-peer payments,20285958,48394974398.37831,2,2019,west-bengal
Merchant payments,13646142,4657258459.145545,2,2019,west-bengal
Recharge & bill payments,12129638,3676123279.380092,2,2019,west-bengal
Financial Services,421037,45646046.98846317,2,2019,west-bengal
Others,540760,331688935.22631323,2,2019,west-bengal
Merchant payments,30804036,8273187167.0788555,3,2019,west-bengal
Peer-to-peer payments,21522913,57058405341.48096,3,2019,west-bengal
Recharge & bill payments,13011501,4832486821.8885765,3,2019,west-bengal
Financial Services,558653,57054414.83597401,3,2019,west-bengal
Others,547726,319398871.5461071,3,2019,west-bengal
Peer-to-peer payments,67037576,76593333397.8665,4,2019,west-bengal
Recharge & bill payments,14511711,4859794689.902503,4,2019,west-bengal
Merchant payments,14187744,6477138700.812115,4,2019,west-bengal
Financial Services,653648,77047243.72974005,4,2019,west-bengal
Others,415159,196296222.3358758,4,2019,west-bengal
Peer-to-peer payments,28457404,82770282623.80914,1,2020,west-bengal
Merchant payments,19779392,8097859088.519977,1,2020,west-bengal
Recharge & bill payments,17448908,5550815439.734788,1,2020,west-bengal
Financial Services,210068,58280893.55150119,1,2020,west-bengal
Others,354609,176067145.3227705,1,2020,west-bengal
Peer-to-peer payments,24855687,84984004330.77179,2,2020,west-bengal
Recharge & bill payments,22220012,7496845561.868595,2,2020,west-bengal
Merchant payments,10225729,7404190137.6690855,2,2020,west-bengal
Financial Services,130595,89987205.23090403,2,2020,west-bengal
Others,244774,124404641.8149572,2,2020,west-bengal
Peer-to-peer payments,37556349,133120676151.84232,3,2020,west-bengal
Recharge & bill payments,22284079,8768630922.970161,3,2020,west-bengal
Merchant payments,19599024,14614394375.38955,3,2020,west-bengal
Financial Services,151996,125973420.85650629,3,2020,west-bengal
Others,363056,183680984.0825331,3,2020,west-bengal
Peer-to-peer payments,46437233,166391874596.3048,4,2020,west-bengal
Merchant payments,30077510,22241302940.832962,4,2020,west-bengal
Recharge & bill payments,23158305,10074605883.201231,4,2020,west-bengal
Financial Services,178455,164241191.7401362,4,2020,west-bengal
Others,489142,293466753.56894124,4,2020,west-bengal
Peer-to-peer payments,53869075,202240249482.85382,1,2021,west-bengal
Merchant payments,37143701,28918343691.01849,1,2021,west-bengal
Recharge & bill payments,26673733,11339665944.69124,1,2021,west-bengal
Financial Services,166727,175445811.8844433,1,2021,west-bengal
Others,400816,263502545.0738997,1,2021,west-bengal
Peer-to-peer payments,64661051,230812278789.29962,2,2021,west-bengal
Merchant payments,41696787,34787867208.31932,2,2021,west-bengal
Recharge & bill payments,34799709,13331453857.609211,2,2021,west-bengal
Financial Services,190537,186466487.6307634,2,2021,west-bengal
Others,549353,316744715.7049847,2,2021,west-bengal
Peer-to-peer payments,84353949,294799731350.5536,3,2021,west-bengal
Merchant payments,58800005,50971169851.15668,3,2021,west-bengal
Recharge & bill payments,37556310,16045754099.005053,3,2021,west-bengal
Financial Services,189087,213411736.37376118,3,2021,west-bengal
Others,813637,426999219.42323273,3,2021,west-bengal
Peer-to-peer payments,105728377,372240891205.5542,4,2021,west-bengal
Merchant payments,80248673,71231577538.7114,4,2021,west-bengal
Recharge & bill payments,37801439,17813903244.6638,4,2021,west-bengal
Financial Services,252535,270791056.67414296,4,2021,west-bengal
Others,998536,660874216.4934741,4,2021,west-bengal
Peer-to-peer payments,124787028,446343740437.97784,1,2022,west-bengal
Merchant payments,97315025,85854730616.41322,1,2022,west-bengal
Recharge & bill payments,37317865,18435424277.7259,1,2022,west-bengal
Financial Services,239530,261096608.8056059,1,2022,west-bengal
Others,845644,531671268.6395414,1,2022,west-bengal
Peer-to-peer payments,145395450,520190680811.7997,2,2022,west-bengal
Merchant payments,126682135,107049019781.85818,2,2022,west-bengal
Recharge & bill payments,42712193,20697301165.418552,2,2022,west-bengal
Financial Services,191724,199770753.2306173,2,2022,west-bengal
Others,760639,438407071.938344,2,2022,west-bengal
Peer-to-peer payments,163523844,556258142870.3699,3,2022,west-bengal
Merchant payments,145181044,123577123532.40579,3,2022,west-bengal
Recharge & bill payments,47208496,24221425246.931328,3,2022,west-bengal
Financial Services,238746,241288774.2323074,3,2022,west-bengal
Others,640258,451918188.20472723,3,2022,west-bengal
Peer-to-peer payments,184380244,620222191587.5907,4,2022,west-bengal
Merchant payments,171667404,140807748126.16342,4,2022,west-bengal
Recharge & bill payments,48921147,26026633153.20199,4,2022,west-bengal
Financial Services,268388,261122865.47893512,4,2022,west-bengal
Others,610414,457937874.81499815,4,2022,west-bengal
